0.0008
-0.215798 6.06336 0.23223 -3.9652e-09 0.112093 1.70713e-09 
-0.215798 6.06345 0.23223 -3.96576e-09 0.112093 1.7077e-09 
-0.215798 6.06354 0.23223 -3.9663e-09 0.112093 1.70822e-09 
-0.215798 6.06363 0.23223 -3.96684e-09 0.112093 1.70874e-09 
-0.215798 6.06372 0.23223 -3.96738e-09 0.112093 1.70925e-09 
-0.215798 6.06381 0.23223 -3.96793e-09 0.112093 1.70975e-09 
-0.215798 6.0639 0.23223 -3.96848e-09 0.112093 1.71026e-09 
-0.215798 6.06399 0.23223 -3.96902e-09 0.112093 1.71076e-09 
-0.215798 6.06408 0.23223 -3.96957e-09 0.112093 1.71127e-09 
-0.215798 6.06417 0.23223 -3.97011e-09 0.112093 1.71177e-09 
-0.215798 6.06426 0.23223 -3.97066e-09 0.112093 1.71228e-09 
-0.215798 6.06435 0.23223 -3.9712e-09 0.112093 1.71278e-09 
-0.215798 6.06444 0.23223 -3.97175e-09 0.112092 1.71328e-09 
-0.215798 6.06453 0.23223 -3.97229e-09 0.112092 1.71378e-09 
-0.215798 6.06462 0.23223 -3.97283e-09 0.112092 1.71428e-09 
-0.215798 6.0647 0.23223 -3.97338e-09 0.112092 1.71478e-09 
-0.215798 6.06479 0.23223 -3.97392e-09 0.112092 1.71529e-09 
-0.215798 6.06488 0.23223 -3.97446e-09 0.112092 1.71579e-09 
-0.215798 6.06497 0.23223 -3.975e-09 0.112092 1.71629e-09 
-0.215798 6.06506 0.23223 -3.97555e-09 0.112092 1.71679e-09 
-0.215798 6.06515 0.23223 -3.97609e-09 0.112092 1.71729e-09 
-0.215798 6.06524 0.23223 -3.97663e-09 0.112092 1.71779e-09 
-0.215798 6.06533 0.23223 -3.97717e-09 0.112092 1.71829e-09 
-0.215798 6.06542 0.23223 -3.97772e-09 0.112092 1.71878e-09 
-0.215798 6.06551 0.23223 -3.97826e-09 0.112092 1.71928e-09 
-0.215798 6.0656 0.23223 -3.9788e-09 0.112092 1.71978e-09 
-0.215798 6.06569 0.23223 -3.97934e-09 0.112092 1.72028e-09 
-0.215798 6.06578 0.23223 -3.97989e-09 0.112092 1.72078e-09 
-0.215798 6.06587 0.23223 -3.98043e-09 0.112091 1.72128e-09 
-0.215798 6.06596 0.23223 -3.98097e-09 0.112091 1.72178e-09 
-0.215798 6.06605 0.23223 -3.98151e-09 0.112091 1.72227e-09 
-0.215798 6.06614 0.23223 -3.98205e-09 0.112091 1.72277e-09 
-0.215798 6.06623 0.23223 -3.98259e-09 0.112091 1.72327e-09 
-0.215798 6.06632 0.23223 -3.98313e-09 0.112091 1.72377e-09 
-0.215798 6.06641 0.23223 -3.98367e-09 0.112091 1.72427e-09 
-0.215798 6.0665 0.23223 -3.9842e-09 0.112091 1.72477e-09 
-0.215798 6.06659 0.23223 -3.98474e-09 0.112091 1.72526e-09 
-0.215798 6.06668 0.23223 -3.98528e-09 0.112091 1.72576e-09 
-0.215798 6.06677 0.23223 -3.98582e-09 0.112091 1.72626e-09 
-0.215798 6.06686 0.23223 -3.98636e-09 0.112091 1.72676e-09 
-0.215798 6.06695 0.23223 -3.9869e-09 0.112091 1.72725e-09 
-0.215798 6.06704 0.23223 -3.98743e-09 0.112091 1.72775e-09 
-0.215798 6.06713 0.23223 -3.98797e-09 0.112091 1.72825e-09 
-0.215798 6.06721 0.23223 -3.98851e-09 0.112091 1.72875e-09 
-0.215798 6.0673 0.23223 -3.98904e-09 0.112091 1.72924e-09 
-0.215798 6.06739 0.23223 -3.98958e-09 0.11209 1.72974e-09 
-0.215798 6.06748 0.23223 -3.99012e-09 0.11209 1.73024e-09 
-0.215798 6.06757 0.23223 -3.99065e-09 0.11209 1.73073e-09 
-0.215798 6.06766 0.23223 -3.99119e-09 0.11209 1.73123e-09 
-0.215798 6.06775 0.23223 -3.99173e-09 0.11209 1.73173e-09 
-0.215798 6.06784 0.23223 -3.99226e-09 0.11209 1.73222e-09 
-0.215798 6.06793 0.23223 -3.9928e-09 0.11209 1.73272e-09 
-0.215798 6.06802 0.23223 -3.99334e-09 0.11209 1.73321e-09 
-0.215798 6.06811 0.23223 -3.99387e-09 0.11209 1.73371e-09 
-0.215798 6.0682 0.23223 -3.99441e-09 0.11209 1.73421e-09 
-0.215798 6.06829 0.23223 -3.99495e-09 0.11209 1.7347e-09 
-0.215798 6.06838 0.23223 -3.99548e-09 0.11209 1.7352e-09 
-0.215798 6.06847 0.23223 -3.99602e-09 0.11209 1.73569e-09 
-0.215798 6.06856 0.23223 -3.99655e-09 0.11209 1.73619e-09 
-0.215798 6.06865 0.23223 -3.99709e-09 0.11209 1.73668e-09 
-0.215798 6.06874 0.23223 -3.99762e-09 0.11209 1.73718e-09 
-0.215798 6.06883 0.23223 -3.99816e-09 0.112089 1.73767e-09 
-0.215798 6.06892 0.23223 -3.99869e-09 0.112089 1.73817e-09 
-0.215798 6.06901 0.23223 -3.99923e-09 0.112089 1.73866e-09 
-0.215798 6.0691 0.23223 -3.99976e-09 0.112089 1.73916e-09 
-0.215798 6.06919 0.23223 -4.0003e-09 0.112089 1.73965e-09 
-0.215798 6.06928 0.23223 -4.00083e-09 0.112089 1.74015e-09 
-0.215798 6.06937 0.23223 -4.00137e-09 0.112089 1.74064e-09 
-0.215798 6.06946 0.23223 -4.0019e-09 0.112089 1.74114e-09 
-0.215798 6.06955 0.23223 -4.00244e-09 0.112089 1.74163e-09 
-0.215798 6.06964 0.23223 -4.00297e-09 0.112089 1.74212e-09 
-0.215798 6.06973 0.23223 -4.0035e-09 0.112089 1.74262e-09 
-0.215798 6.06981 0.23223 -4.00404e-09 0.112089 1.74311e-09 
-0.215798 6.0699 0.23223 -4.00457e-09 0.112089 1.74361e-09 
-0.215798 6.06999 0.23223 -4.00511e-09 0.112089 1.7441e-09 
-0.215798 6.07008 0.23223 -4.00564e-09 0.112089 1.74459e-09 
-0.215798 6.07017 0.23223 -4.00617e-09 0.112089 1.74509e-09 
-0.215798 6.07026 0.23223 -4.00671e-09 0.112089 1.74558e-09 
-0.215798 6.07035 0.23223 -4.00724e-09 0.112088 1.74607e-09 
-0.215798 6.07044 0.23223 -4.00777e-09 0.112088 1.74657e-09 
-0.215798 6.07053 0.23223 -4.00831e-09 0.112088 1.74706e-09 
-0.215798 6.07062 0.23223 -4.00884e-09 0.112088 1.74755e-09 
-0.215798 6.07071 0.23223 -4.00937e-09 0.112088 1.74804e-09 
-0.215798 6.0708 0.23223 -4.00991e-09 0.112088 1.74854e-09 
-0.215798 6.07089 0.23223 -4.01044e-09 0.112088 1.74903e-09 
-0.215798 6.07098 0.23223 -4.01097e-09 0.112088 1.74952e-09 
-0.215798 6.07107 0.23223 -4.01151e-09 0.112088 1.75001e-09 
-0.215798 6.07116 0.23223 -4.01204e-09 0.112088 1.75051e-09 
-0.215798 6.07125 0.23223 -4.01257e-09 0.112088 1.751e-09 
-0.215798 6.07134 0.23223 -4.0131e-09 0.112088 1.75149e-09 
-0.215798 6.07143 0.23223 -4.01364e-09 0.112088 1.75198e-09 
-0.215798 6.07152 0.23223 -4.01417e-09 0.112088 1.75247e-09 
-0.215798 6.07161 0.23223 -4.0147e-09 0.112088 1.75297e-09 
-0.215798 6.0717 0.23223 -4.01523e-09 0.112088 1.75346e-09 
-0.215798 6.07179 0.23223 -4.01577e-09 0.112087 1.75395e-09 
-0.215798 6.07188 0.23223 -4.0163e-09 0.112087 1.75444e-09 
-0.215798 6.07197 0.23223 -4.01683e-09 0.112087 1.75493e-09 
-0.215798 6.07206 0.23223 -4.01736e-09 0.112087 1.75542e-09 
-0.215798 6.07215 0.23223 -4.0179e-09 0.112087 1.75591e-09 
-0.215798 6.07224 0.23223 -4.01843e-09 0.112087 1.7564e-09 
-0.215798 6.07232 0.23223 -4.01896e-09 0.112087 1.75689e-09 
-0.215798 6.07241 0.23223 -4.01949e-09 0.112087 1.75738e-09 
-0.215798 6.0725 0.23223 -4.02002e-09 0.112087 1.75787e-09 
-0.215798 6.07259 0.23223 -4.02056e-09 0.112087 1.75836e-09 
-0.215798 6.07268 0.23223 -4.02109e-09 0.112087 1.75885e-09 
-0.215798 6.07277 0.23223 -4.02162e-09 0.112087 1.75935e-09 
-0.215798 6.07286 0.23223 -4.02215e-09 0.112087 1.75983e-09 
-0.215798 6.07295 0.23223 -4.02268e-09 0.112087 1.76032e-09 
-0.215798 6.07304 0.23223 -4.02321e-09 0.112087 1.76081e-09 
-0.215798 6.07313 0.23223 -4.02374e-09 0.112087 1.7613e-09 
-0.215798 6.07322 0.23223 -4.02428e-09 0.112087 1.76179e-09 
-0.215798 6.07331 0.23223 -4.02481e-09 0.112086 1.76228e-09 
-0.215798 6.0734 0.23223 -4.02534e-09 0.112086 1.76277e-09 
-0.215798 6.07349 0.23223 -4.02587e-09 0.112086 1.76326e-09 
-0.215798 6.07358 0.23223 -4.02641e-09 0.112086 1.76375e-09 
-0.215798 6.07367 0.23223 -4.02694e-09 0.112086 1.76424e-09 
-0.215798 6.07376 0.23223 -4.02747e-09 0.112086 1.76472e-09 
-0.215798 6.07385 0.23223 -4.02801e-09 0.112086 1.76521e-09 
-0.215798 6.07394 0.23223 -4.02854e-09 0.112086 1.7657e-09 
-0.215798 6.07403 0.23223 -4.02908e-09 0.112086 1.76619e-09 
-0.215798 6.07412 0.23223 -4.02961e-09 0.112086 1.76667e-09 
-0.215798 6.07421 0.23223 -4.03015e-09 0.112086 1.76716e-09 
-0.215798 6.0743 0.23223 -4.03069e-09 0.112086 1.76765e-09 
-0.215798 6.07439 0.23223 -4.03122e-09 0.112086 1.76813e-09 
-0.215798 6.07448 0.23223 -4.03176e-09 0.112086 1.76862e-09 
-0.215798 6.07457 0.23223 -4.03229e-09 0.112086 1.76911e-09 
-0.215798 6.07466 0.23223 -4.03283e-09 0.112086 1.76959e-09 
-0.215798 6.07475 0.23223 -4.03336e-09 0.112085 1.77008e-09 
-0.215798 6.07483 0.23223 -4.0339e-09 0.112085 1.77057e-09 
-0.215798 6.07492 0.23223 -4.03444e-09 0.112085 1.77105e-09 
-0.215798 6.07501 0.23223 -4.03497e-09 0.112085 1.77154e-09 
-0.215798 6.0751 0.23223 -4.03551e-09 0.112085 1.77203e-09 
-0.215798 6.07519 0.23223 -4.03604e-09 0.112085 1.77251e-09 
-0.215798 6.07528 0.23223 -4.03658e-09 0.112085 1.773e-09 
-0.215798 6.07537 0.23223 -4.03711e-09 0.112085 1.77348e-09 
-0.215798 6.07546 0.23223 -4.03765e-09 0.112085 1.77397e-09 
-0.215798 6.07555 0.23223 -4.03818e-09 0.112085 1.77445e-09 
-0.215798 6.07564 0.23223 -4.03871e-09 0.112085 1.77494e-09 
-0.215798 6.07573 0.23223 -4.03925e-09 0.112085 1.77542e-09 
-0.215798 6.07582 0.23223 -4.03978e-09 0.112085 1.77591e-09 
-0.215798 6.07591 0.23223 -4.04032e-09 0.112085 1.77639e-09 
-0.215798 6.076 0.23223 -4.04085e-09 0.112085 1.77688e-09 
-0.215798 6.07609 0.23223 -4.04138e-09 0.112085 1.77736e-09 
-0.215798 6.07618 0.23223 -4.04192e-09 0.112085 1.77785e-09 
-0.215798 6.07627 0.23223 -4.04245e-09 0.112084 1.77833e-09 
-0.215798 6.07636 0.23223 -4.04298e-09 0.112084 1.77882e-09 
-0.215798 6.07645 0.23223 -4.04351e-09 0.112084 1.7793e-09 
-0.215798 6.07654 0.23223 -4.04404e-09 0.112084 1.77979e-09 
-0.215798 6.07663 0.23223 -4.04457e-09 0.112084 1.78028e-09 
-0.215798 6.07672 0.23223 -4.0451e-09 0.112084 1.78076e-09 
-0.215798 6.07681 0.23223 -4.04562e-09 0.112084 1.78125e-09 
-0.215798 6.0769 0.23223 -4.04615e-09 0.112084 1.78174e-09 
-0.215798 6.07699 0.23223 -4.04667e-09 0.112084 1.78223e-09 
-0.215798 6.07708 0.23223 -4.0472e-09 0.112084 1.78272e-09 
-0.215798 6.07717 0.23223 -4.04772e-09 0.112084 1.78321e-09 
-0.215798 6.07726 0.23223 -4.04825e-09 0.112084 1.7837e-09 
-0.215798 6.07734 0.23223 -4.04877e-09 0.112084 1.78419e-09 
-0.215798 6.07743 0.23223 -4.04929e-09 0.112084 1.78468e-09 
-0.215798 6.07752 0.23223 -4.04981e-09 0.112084 1.78517e-09 
-0.215798 6.07761 0.23223 -4.05034e-09 0.112084 1.78566e-09 
-0.215798 6.0777 0.23223 -4.05086e-09 0.112083 1.78615e-09 
-0.215798 6.07779 0.23223 -4.05138e-09 0.112083 1.78664e-09 
-0.215798 6.07788 0.23223 -4.0519e-09 0.112083 1.78713e-09 
-0.215798 6.07797 0.23223 -4.05242e-09 0.112083 1.78762e-09 
-0.215798 6.07806 0.23223 -4.05294e-09 0.112083 1.78811e-09 
-0.215798 6.07815 0.23223 -4.05346e-09 0.112083 1.7886e-09 
-0.215798 6.07824 0.23223 -4.05398e-09 0.112083 1.78909e-09 
-0.215798 6.07833 0.23223 -4.0545e-09 0.112083 1.78958e-09 
-0.215798 6.07842 0.23223 -4.05502e-09 0.112083 1.79007e-09 
-0.215798 6.07851 0.23223 -4.05554e-09 0.112083 1.79057e-09 
-0.215798 6.0786 0.23223 -4.05606e-09 0.112083 1.79106e-09 
-0.215798 6.07869 0.23223 -4.05658e-09 0.112083 1.79155e-09 
-0.215798 6.07878 0.23223 -4.0571e-09 0.112083 1.79204e-09 
-0.215798 6.07887 0.23223 -4.05762e-09 0.112083 1.79253e-09 
-0.215798 6.07896 0.23223 -4.05814e-09 0.112083 1.79302e-09 
-0.215798 6.07905 0.23223 -4.05866e-09 0.112083 1.79351e-09 
-0.215798 6.07914 0.23223 -4.05918e-09 0.112083 1.794e-09 
-0.215798 6.07923 0.23223 -4.0597e-09 0.112082 1.79449e-09 
-0.215798 6.07932 0.23223 -4.06022e-09 0.112082 1.79499e-09 
-0.215798 6.07941 0.23223 -4.06074e-09 0.112082 1.79548e-09 
-0.215798 6.0795 0.23223 -4.06126e-09 0.112082 1.79597e-09 
-0.215798 6.07959 0.23223 -4.06178e-09 0.112082 1.79646e-09 
-0.215798 6.07968 0.23223 -4.0623e-09 0.112082 1.79695e-09 
-0.215798 6.07977 0.23223 -4.06282e-09 0.112082 1.79744e-09 
-0.215798 6.07985 0.23223 -4.06334e-09 0.112082 1.79793e-09 
-0.215798 6.07994 0.23223 -4.06386e-09 0.112082 1.79842e-09 
-0.215798 6.08003 0.23223 -4.06438e-09 0.112082 1.79891e-09 
-0.215798 6.08012 0.23223 -4.0649e-09 0.112082 1.7994e-09 
-0.215798 6.08021 0.23223 -4.06542e-09 0.112082 1.79989e-09 
-0.215798 6.0803 0.23223 -4.06594e-09 0.112082 1.80038e-09 
-0.215798 6.08039 0.23223 -4.06646e-09 0.112082 1.80087e-09 
-0.215798 6.08048 0.23223 -4.06697e-09 0.112082 1.80136e-09 
-0.215798 6.08057 0.23223 -4.06749e-09 0.112082 1.80185e-09 
-0.215798 6.08066 0.23223 -4.06801e-09 0.112081 1.80234e-09 
-0.215798 6.08075 0.23223 -4.06853e-09 0.112081 1.80283e-09 
-0.215798 6.08084 0.23223 -4.06905e-09 0.112081 1.80332e-09 
-0.215798 6.08093 0.23223 -4.06957e-09 0.112081 1.80381e-09 
-0.215798 6.08102 0.23223 -4.07009e-09 0.112081 1.8043e-09 
-0.215798 6.08111 0.23223 -4.07061e-09 0.112081 1.80479e-09 
-0.215798 6.0812 0.23223 -4.07113e-09 0.112081 1.80528e-09 
-0.215798 6.08129 0.23223 -4.07165e-09 0.112081 1.80576e-09 
-0.215798 6.08138 0.23223 -4.07217e-09 0.112081 1.80625e-09 
-0.215798 6.08147 0.23223 -4.07269e-09 0.112081 1.80674e-09 
-0.215798 6.08156 0.23223 -4.0732e-09 0.112081 1.80723e-09 
-0.215798 6.08165 0.23223 -4.07372e-09 0.112081 1.80772e-09 
-0.215798 6.08174 0.23223 -4.07424e-09 0.112081 1.8082e-09 
-0.215798 6.08183 0.23223 -4.07476e-09 0.112081 1.80869e-09 
-0.215798 6.08192 0.23223 -4.07528e-09 0.112081 1.80918e-09 
-0.215798 6.08201 0.23223 -4.0758e-09 0.112081 1.80967e-09 
-0.215798 6.0821 0.23223 -4.07632e-09 0.112081 1.81015e-09 
-0.215798 6.08219 0.23223 -4.07685e-09 0.11208 1.81064e-09 
-0.215798 6.08228 0.23223 -4.07737e-09 0.11208 1.81112e-09 
-0.215798 6.08237 0.23223 -4.0779e-09 0.11208 1.8116e-09 
-0.215798 6.08245 0.23223 -4.07842e-09 0.11208 1.81209e-09 
-0.215798 6.08254 0.23223 -4.07895e-09 0.11208 1.81257e-09 
-0.215798 6.08263 0.23223 -4.07947e-09 0.11208 1.81305e-09 
-0.215798 6.08272 0.23223 -4.08e-09 0.11208 1.81353e-09 
-0.215798 6.08281 0.23223 -4.08053e-09 0.11208 1.81401e-09 
-0.215798 6.0829 0.23223 -4.08105e-09 0.11208 1.81449e-09 
-0.215798 6.08299 0.23223 -4.08158e-09 0.11208 1.81497e-09 
-0.215798 6.08308 0.23223 -4.08211e-09 0.11208 1.81545e-09 
-0.215798 6.08317 0.23223 -4.08264e-09 0.11208 1.81593e-09 
-0.215798 6.08326 0.23223 -4.08317e-09 0.11208 1.81641e-09 
-0.215798 6.08335 0.23223 -4.08369e-09 0.11208 1.81689e-09 
-0.215798 6.08344 0.23223 -4.08422e-09 0.11208 1.81737e-09 
-0.215798 6.08353 0.23223 -4.08475e-09 0.11208 1.81785e-09 
-0.215798 6.08362 0.23223 -4.08528e-09 0.11208 1.81832e-09 
-0.215798 6.08371 0.23223 -4.08581e-09 0.112079 1.8188e-09 
-0.215798 6.0838 0.23223 -4.08634e-09 0.112079 1.81928e-09 
-0.215798 6.08389 0.23223 -4.08688e-09 0.112079 1.81975e-09 
-0.215798 6.08398 0.23223 -4.08741e-09 0.112079 1.82023e-09 
-0.215798 6.08407 0.23223 -4.08794e-09 0.112079 1.82071e-09 
-0.215798 6.08416 0.23223 -4.08847e-09 0.112079 1.82118e-09 
-0.215798 6.08425 0.23223 -4.089e-09 0.112079 1.82166e-09 
-0.215798 6.08434 0.23223 -4.08953e-09 0.112079 1.82213e-09 
-0.215798 6.08443 0.23223 -4.09006e-09 0.112079 1.82261e-09 
-0.215798 6.08452 0.23223 -4.09059e-09 0.112079 1.82308e-09 
-0.215798 6.08461 0.23223 -4.09113e-09 0.112079 1.82356e-09 
-0.215798 6.0847 0.23223 -4.09166e-09 0.112079 1.82403e-09 
-0.215798 6.08479 0.23223 -4.09219e-09 0.112079 1.82451e-09 
-0.215798 6.08488 0.23223 -4.09272e-09 0.112079 1.82498e-09 
-0.215798 6.08496 0.23223 -4.09325e-09 0.112079 1.82545e-09 
-0.215798 6.08505 0.23223 -4.09378e-09 0.112079 1.82593e-09 
-0.215798 6.08514 0.23223 -4.09431e-09 0.112078 1.8264e-09 
-0.215798 6.08523 0.23223 -4.09484e-09 0.112078 1.82688e-09 
-0.215798 6.08532 0.23223 -4.09537e-09 0.112078 1.82735e-09 
-0.215798 6.08541 0.23223 -4.0959e-09 0.112078 1.82783e-09 
-0.215798 6.0855 0.23223 -4.09644e-09 0.112078 1.8283e-09 
-0.215798 6.08559 0.23223 -4.09697e-09 0.112078 1.82877e-09 
-0.215798 6.08568 0.23223 -4.0975e-09 0.112078 1.82925e-09 
-0.215798 6.08577 0.23223 -4.09803e-09 0.112078 1.82972e-09 
-0.215798 6.08586 0.23223 -4.09856e-09 0.112078 1.83019e-09 
-0.215798 6.08595 0.23223 -4.09909e-09 0.112078 1.83066e-09 
-0.215798 6.08604 0.23223 -4.09962e-09 0.112078 1.83114e-09 
-0.215798 6.08613 0.23223 -4.10015e-09 0.112078 1.83161e-09 
-0.215798 6.08622 0.23223 -4.10068e-09 0.112078 1.83208e-09 
-0.215798 6.08631 0.23223 -4.10121e-09 0.112078 1.83255e-09 
-0.215798 6.0864 0.23223 -4.10175e-09 0.112078 1.83302e-09 
-0.215798 6.08649 0.23223 -4.10228e-09 0.112078 1.8335e-09 
-0.215798 6.08658 0.23223 -4.10281e-09 0.112077 1.83397e-09 
-0.215798 6.08667 0.23223 -4.10334e-09 0.112077 1.83444e-09 
-0.215798 6.08676 0.23223 -4.10387e-09 0.112077 1.83491e-09 
-0.215798 6.08685 0.23223 -4.1044e-09 0.112077 1.83538e-09 
-0.215798 6.08694 0.23223 -4.10494e-09 0.112077 1.83585e-09 
-0.215798 6.08703 0.23223 -4.10547e-09 0.112077 1.83632e-09 
-0.215798 6.08712 0.23223 -4.106e-09 0.112077 1.83679e-09 
-0.215798 6.08721 0.23223 -4.10653e-09 0.112077 1.83726e-09 
-0.215798 6.0873 0.23223 -4.10706e-09 0.112077 1.83773e-09 
-0.215798 6.08739 0.23223 -4.1076e-09 0.112077 1.8382e-09 
-0.215798 6.08747 0.23223 -4.10813e-09 0.112077 1.83867e-09 
-0.215798 6.08756 0.23223 -4.10866e-09 0.112077 1.83913e-09 
-0.215798 6.08765 0.23223 -4.10919e-09 0.112077 1.8396e-09 
-0.215798 6.08774 0.23223 -4.10972e-09 0.112077 1.84007e-09 
-0.215798 6.08783 0.23223 -4.11026e-09 0.112077 1.84054e-09 
-0.215798 6.08792 0.23223 -4.11079e-09 0.112077 1.84101e-09 
-0.215798 6.08801 0.23223 -4.11132e-09 0.112077 1.84148e-09 
-0.215798 6.0881 0.23223 -4.11185e-09 0.112076 1.84194e-09 
-0.215798 6.08819 0.23223 -4.11239e-09 0.112076 1.84241e-09 
-0.215798 6.08828 0.23223 -4.11292e-09 0.112076 1.84288e-09 
-0.215798 6.08837 0.23223 -4.11345e-09 0.112076 1.84334e-09 
-0.215798 6.08846 0.23223 -4.11399e-09 0.112076 1.84381e-09 
-0.215798 6.08855 0.23223 -4.11452e-09 0.112076 1.84428e-09 
-0.215798 6.08864 0.23223 -4.11505e-09 0.112076 1.84474e-09 
-0.215798 6.08873 0.23223 -4.11558e-09 0.112076 1.84521e-09 
-0.215798 6.08882 0.23223 -4.11612e-09 0.112076 1.84568e-09 
-0.215798 6.08891 0.23223 -4.11665e-09 0.112076 1.84614e-09 
-0.215798 6.089 0.23223 -4.11718e-09 0.112076 1.84661e-09 
-0.215798 6.08909 0.23223 -4.11772e-09 0.112076 1.84707e-09 
-0.215798 6.08918 0.23223 -4.11825e-09 0.112076 1.84754e-09 
-0.215798 6.08927 0.23223 -4.11878e-09 0.112076 1.848e-09 
-0.215798 6.08936 0.23223 -4.11931e-09 0.112076 1.84847e-09 
-0.215798 6.08945 0.23223 -4.11985e-09 0.112076 1.84893e-09 
-0.215798 6.08954 0.23223 -4.12038e-09 0.112075 1.8494e-09 
-0.215798 6.08963 0.23223 -4.12091e-09 0.112075 1.84986e-09 
-0.215798 6.08972 0.23223 -4.12145e-09 0.112075 1.85032e-09 
-0.215798 6.08981 0.23223 -4.12198e-09 0.112075 1.85079e-09 
-0.215798 6.0899 0.23223 -4.12251e-09 0.112075 1.85125e-09 
-0.215798 6.08998 0.23223 -4.12304e-09 0.112075 1.85171e-09 
-0.215798 6.09007 0.23223 -4.12358e-09 0.112075 1.85218e-09 
-0.215798 6.09016 0.23223 -4.12411e-09 0.112075 1.85264e-09 
-0.215798 6.09025 0.23223 -4.12464e-09 0.112075 1.8531e-09 
-0.215798 6.09034 0.23223 -4.12518e-09 0.112075 1.85356e-09 
-0.215798 6.09043 0.23223 -4.12571e-09 0.112075 1.85402e-09 
-0.215798 6.09052 0.23223 -4.12624e-09 0.112075 1.85448e-09 
-0.215798 6.09061 0.23223 -4.12678e-09 0.112075 1.85495e-09 
-0.215798 6.0907 0.23223 -4.12731e-09 0.112075 1.85541e-09 
-0.215798 6.09079 0.23223 -4.12784e-09 0.112075 1.85587e-09 
-0.215798 6.09088 0.23223 -4.12838e-09 0.112075 1.85633e-09 
-0.215798 6.09097 0.23223 -4.12891e-09 0.112075 1.85679e-09 
-0.215798 6.09106 0.23223 -4.12945e-09 0.112074 1.85724e-09 
-0.215798 6.09115 0.23223 -4.12998e-09 0.112074 1.8577e-09 
-0.215798 6.09124 0.23223 -4.13052e-09 0.112074 1.85816e-09 
-0.215798 6.09133 0.23223 -4.13105e-09 0.112074 1.85863e-09 
-0.215798 6.09142 0.23223 -4.13158e-09 0.112074 1.85909e-09 
-0.215798 6.09151 0.23223 -4.13211e-09 0.112074 1.85956e-09 
-0.215798 6.0916 0.23223 -4.13263e-09 0.112074 1.86003e-09 
-0.215798 6.09169 0.23223 -4.13316e-09 0.112074 1.86051e-09 
-0.215798 6.09178 0.23223 -4.13369e-09 0.112074 1.86098e-09 
-0.215798 6.09187 0.23223 -4.13421e-09 0.112074 1.86146e-09 
-0.215798 6.09196 0.23223 -4.13473e-09 0.112074 1.86194e-09 
-0.215798 6.09205 0.23223 -4.13526e-09 0.112074 1.86242e-09 
-0.215798 6.09214 0.23223 -4.13578e-09 0.112074 1.8629e-09 
-0.215798 6.09223 0.23223 -4.1363e-09 0.112074 1.86338e-09 
-0.215798 6.09232 0.23223 -4.13682e-09 0.112074 1.86386e-09 
-0.215798 6.09241 0.23223 -4.13734e-09 0.112074 1.86434e-09 
-0.215798 6.09249 0.23223 -4.13786e-09 0.112073 1.86483e-09 
-0.215798 6.09258 0.23223 -4.13838e-09 0.112073 1.86531e-09 
-0.215798 6.09267 0.23223 -4.1389e-09 0.112073 1.86579e-09 
-0.215798 6.09276 0.23223 -4.13942e-09 0.112073 1.86627e-09 
-0.215798 6.09285 0.23223 -4.13994e-09 0.112073 1.86676e-09 
-0.215798 6.09294 0.23223 -4.14047e-09 0.112073 1.86724e-09 
-0.215798 6.09303 0.23223 -4.14099e-09 0.112073 1.86772e-09 
-0.215798 6.09312 0.23223 -4.14151e-09 0.112073 1.8682e-09 
-0.215798 6.09321 0.23223 -4.14203e-09 0.112073 1.86868e-09 
-0.215798 6.0933 0.23223 -4.14255e-09 0.112073 1.86917e-09 
-0.215798 6.09339 0.23223 -4.14307e-09 0.112073 1.86965e-09 
-0.215798 6.09348 0.23223 -4.14359e-09 0.112073 1.87013e-09 
-0.215798 6.09357 0.23223 -4.14411e-09 0.112073 1.87061e-09 
-0.215798 6.09366 0.23223 -4.14463e-09 0.112073 1.87109e-09 
-0.215798 6.09375 0.23223 -4.14515e-09 0.112073 1.87157e-09 
-0.215798 6.09384 0.23223 -4.14567e-09 0.112073 1.87205e-09 
-0.215798 6.09393 0.23223 -4.14619e-09 0.112073 1.87253e-09 
-0.215798 6.09402 0.23223 -4.14672e-09 0.112072 1.87301e-09 
-0.215798 6.09411 0.23223 -4.14724e-09 0.112072 1.87349e-09 
-0.215798 6.0942 0.23223 -4.14776e-09 0.112072 1.87397e-09 
-0.215798 6.09429 0.23223 -4.14828e-09 0.112072 1.87446e-09 
-0.215798 6.09438 0.23223 -4.1488e-09 0.112072 1.87493e-09 
-0.215798 6.09447 0.23223 -4.14932e-09 0.112072 1.87541e-09 
-0.215798 6.09456 0.23223 -4.14984e-09 0.112072 1.87589e-09 
-0.215798 6.09465 0.23223 -4.15037e-09 0.112072 1.87637e-09 
-0.215798 6.09474 0.23223 -4.15089e-09 0.112072 1.87685e-09 
-0.215798 6.09483 0.23223 -4.15141e-09 0.112072 1.87733e-09 
-0.215798 6.09492 0.23223 -4.15193e-09 0.112072 1.87781e-09 
-0.215798 6.09501 0.23223 -4.15245e-09 0.112072 1.87829e-09 
-0.215798 6.09509 0.23223 -4.15297e-09 0.112072 1.87877e-09 
-0.215798 6.09518 0.23223 -4.15349e-09 0.112072 1.87924e-09 
-0.215798 6.09527 0.23223 -4.15402e-09 0.112072 1.87972e-09 
-0.215798 6.09536 0.23223 -4.15454e-09 0.112072 1.8802e-09 
-0.215798 6.09545 0.23223 -4.15506e-09 0.112071 1.88068e-09 
-0.215798 6.09554 0.23223 -4.15558e-09 0.112071 1.88116e-09 
-0.215798 6.09563 0.23223 -4.1561e-09 0.112071 1.88163e-09 
-0.215798 6.09572 0.23223 -4.15662e-09 0.112071 1.88211e-09 
-0.215798 6.09581 0.23223 -4.15715e-09 0.112071 1.88259e-09 
-0.215798 6.0959 0.23223 -4.15767e-09 0.112071 1.88306e-09 
-0.215798 6.09599 0.23223 -4.15819e-09 0.112071 1.88354e-09 
-0.215798 6.09608 0.23223 -4.15871e-09 0.112071 1.88402e-09 
-0.215798 6.09617 0.23223 -4.15923e-09 0.112071 1.88449e-09 
-0.215798 6.09626 0.23223 -4.15975e-09 0.112071 1.88497e-09 
-0.215798 6.09635 0.23223 -4.16027e-09 0.112071 1.88545e-09 
-0.215798 6.09644 0.23223 -4.1608e-09 0.112071 1.88592e-09 
-0.215798 6.09653 0.23223 -4.16132e-09 0.112071 1.8864e-09 
-0.215798 6.09662 0.23223 -4.16184e-09 0.112071 1.88688e-09 
-0.215798 6.09671 0.23223 -4.16236e-09 0.112071 1.88735e-09 
-0.215798 6.0968 0.23223 -4.16288e-09 0.112071 1.88783e-09 
-0.215798 6.09689 0.23223 -4.1634e-09 0.112071 1.88831e-09 
-0.215798 6.09698 0.23223 -4.16392e-09 0.11207 1.88878e-09 
-0.215798 6.09707 0.23223 -4.16445e-09 0.11207 1.88926e-09 
-0.215798 6.09716 0.23223 -4.16497e-09 0.11207 1.88974e-09 
-0.215798 6.09725 0.23223 -4.16549e-09 0.11207 1.89021e-09 
-0.215798 6.09734 0.23223 -4.16601e-09 0.11207 1.89069e-09 
-0.215798 6.09743 0.23223 -4.16653e-09 0.11207 1.89117e-09 
-0.215798 6.09752 0.23223 -4.16705e-09 0.11207 1.89164e-09 
-0.215798 6.0976 0.23223 -4.16757e-09 0.11207 1.89212e-09 
-0.215798 6.09769 0.23223 -4.16809e-09 0.11207 1.8926e-09 
-0.215798 6.09778 0.23223 -4.16861e-09 0.11207 1.89307e-09 
-0.215798 6.09787 0.23223 -4.16913e-09 0.11207 1.89355e-09 
-0.215798 6.09796 0.23223 -4.16965e-09 0.11207 1.89403e-09 
-0.215798 6.09805 0.23223 -4.17017e-09 0.11207 1.89451e-09 
-0.215798 6.09814 0.23223 -4.17069e-09 0.11207 1.89498e-09 
-0.215798 6.09823 0.23223 -4.17121e-09 0.11207 1.89546e-09 
-0.215798 6.09832 0.23223 -4.17173e-09 0.11207 1.89594e-09 
-0.215798 6.09841 0.23223 -4.17225e-09 0.112069 1.89642e-09 
-0.215798 6.0985 0.23223 -4.17277e-09 0.112069 1.8969e-09 
-0.215798 6.09859 0.23223 -4.17329e-09 0.112069 1.89738e-09 
-0.215798 6.09868 0.23223 -4.17381e-09 0.112069 1.89786e-09 
-0.215798 6.09877 0.23223 -4.17433e-09 0.112069 1.89834e-09 
-0.215798 6.09886 0.23223 -4.17484e-09 0.112069 1.89882e-09 
-0.215798 6.09895 0.23223 -4.17536e-09 0.112069 1.8993e-09 
-0.215798 6.09904 0.23223 -4.17588e-09 0.112069 1.89978e-09 
-0.215798 6.09913 0.23223 -4.1764e-09 0.112069 1.90027e-09 
-0.215798 6.09922 0.23223 -4.17692e-09 0.112069 1.90075e-09 
-0.215798 6.09931 0.23223 -4.17744e-09 0.112069 1.90123e-09 
-0.215798 6.0994 0.23223 -4.17795e-09 0.112069 1.90171e-09 
-0.215798 6.09949 0.23223 -4.17847e-09 0.112069 1.9022e-09 
-0.215798 6.09958 0.23223 -4.17899e-09 0.112069 1.90268e-09 
-0.215798 6.09967 0.23223 -4.17951e-09 0.112069 1.90316e-09 
-0.215798 6.09976 0.23223 -4.18002e-09 0.112069 1.90365e-09 
-0.215798 6.09985 0.23223 -4.18054e-09 0.112069 1.90413e-09 
-0.215798 6.09994 0.23223 -4.18106e-09 0.112068 1.90461e-09 
-0.215798 6.10003 0.23223 -4.18158e-09 0.112068 1.9051e-09 
-0.215798 6.10011 0.23223 -4.18209e-09 0.112068 1.90558e-09 
-0.215798 6.1002 0.23223 -4.18261e-09 0.112068 1.90607e-09 
-0.215798 6.10029 0.23223 -4.18313e-09 0.112068 1.90655e-09 
-0.215798 6.10038 0.23223 -4.18364e-09 0.112068 1.90704e-09 
-0.215798 6.10047 0.23223 -4.18416e-09 0.112068 1.90752e-09 
-0.215798 6.10056 0.23223 -4.18468e-09 0.112068 1.90801e-09 
-0.215798 6.10065 0.23223 -4.18519e-09 0.112068 1.90849e-09 
-0.215798 6.10074 0.23223 -4.18571e-09 0.112068 1.90898e-09 
-0.215798 6.10083 0.23223 -4.18623e-09 0.112068 1.90947e-09 
-0.215798 6.10092 0.23223 -4.18674e-09 0.112068 1.90995e-09 
-0.215798 6.10101 0.23223 -4.18726e-09 0.112068 1.91044e-09 
-0.215798 6.1011 0.23223 -4.18778e-09 0.112068 1.91093e-09 
-0.215798 6.10119 0.23223 -4.18829e-09 0.112068 1.91141e-09 
-0.215798 6.10128 0.23223 -4.18881e-09 0.112068 1.9119e-09 
-0.215798 6.10137 0.23223 -4.18932e-09 0.112067 1.91239e-09 
-0.215798 6.10146 0.23223 -4.18984e-09 0.112067 1.91288e-09 
-0.215798 6.10155 0.23223 -4.19035e-09 0.112067 1.91337e-09 
-0.215798 6.10164 0.23223 -4.19087e-09 0.112067 1.91386e-09 
-0.215798 6.10173 0.23223 -4.19138e-09 0.112067 1.91435e-09 
-0.215798 6.10182 0.23223 -4.1919e-09 0.112067 1.91484e-09 
-0.215798 6.10191 0.23223 -4.19241e-09 0.112067 1.91533e-09 
-0.215798 6.102 0.23223 -4.19293e-09 0.112067 1.91582e-09 
-0.215798 6.10209 0.23223 -4.19344e-09 0.112067 1.91631e-09 
-0.215798 6.10218 0.23223 -4.19396e-09 0.112067 1.9168e-09 
-0.215798 6.10227 0.23223 -4.19447e-09 0.112067 1.91729e-09 
-0.215798 6.10236 0.23223 -4.19499e-09 0.112067 1.91778e-09 
-0.215798 6.10245 0.23223 -4.1955e-09 0.112067 1.91827e-09 
-0.215798 6.10254 0.23223 -4.19601e-09 0.112067 1.91877e-09 
-0.215798 6.10262 0.23223 -4.19653e-09 0.112067 1.91926e-09 
-0.215798 6.10271 0.23223 -4.19704e-09 0.112067 1.91975e-09 
-0.215798 6.1028 0.23223 -4.19756e-09 0.112067 1.92024e-09 
-0.215798 6.10289 0.23223 -4.19807e-09 0.112066 1.92073e-09 
-0.215798 6.10298 0.23223 -4.19858e-09 0.112066 1.92123e-09 
-0.215798 6.10307 0.23223 -4.1991e-09 0.112066 1.92172e-09 
-0.215798 6.10316 0.23223 -4.19961e-09 0.112066 1.92221e-09 
-0.215798 6.10325 0.23223 -4.20013e-09 0.112066 1.9227e-09 
-0.215798 6.10334 0.23223 -4.20064e-09 0.112066 1.9232e-09 
-0.215798 6.10343 0.23223 -4.20115e-09 0.112066 1.92369e-09 
-0.215798 6.10352 0.23223 -4.20167e-09 0.112066 1.92418e-09 
-0.215798 6.10361 0.23223 -4.20218e-09 0.112066 1.92468e-09 
-0.215798 6.1037 0.23223 -4.20269e-09 0.112066 1.92517e-09 
-0.215798 6.10379 0.23223 -4.20321e-09 0.112066 1.92566e-09 
-0.215798 6.10388 0.23223 -4.20372e-09 0.112066 1.92615e-09 
-0.215798 6.10397 0.23223 -4.20423e-09 0.112066 1.92665e-09 
-0.215798 6.10406 0.23223 -4.20475e-09 0.112066 1.92714e-09 
-0.215798 6.10415 0.23223 -4.20526e-09 0.112066 1.92763e-09 
-0.215798 6.10424 0.23223 -4.20577e-09 0.112066 1.92813e-09 
-0.215798 6.10433 0.23223 -4.20629e-09 0.112065 1.92862e-09 
-0.215798 6.10442 0.23223 -4.2068e-09 0.112065 1.92911e-09 
-0.215798 6.10451 0.23223 -4.20732e-09 0.112065 1.9296e-09 
-0.215798 6.1046 0.23223 -4.20783e-09 0.112065 1.9301e-09 
-0.215798 6.10469 0.23223 -4.20834e-09 0.112065 1.93059e-09 
-0.215798 6.10478 0.23223 -4.20886e-09 0.112065 1.93108e-09 
-0.215798 6.10487 0.23223 -4.20937e-09 0.112065 1.93157e-09 
-0.215798 6.10496 0.23223 -4.20988e-09 0.112065 1.93206e-09 
-0.215798 6.10505 0.23223 -4.2104e-09 0.112065 1.93256e-09 
-0.215798 6.10513 0.23223 -4.21091e-09 0.112065 1.93305e-09 
-0.215798 6.10522 0.23223 -4.21143e-09 0.112065 1.93354e-09 
-0.215798 6.10531 0.23223 -4.21194e-09 0.112065 1.93403e-09 
-0.215798 6.1054 0.23223 -4.21246e-09 0.112065 1.93452e-09 
-0.215798 6.10549 0.23223 -4.21297e-09 0.112065 1.93501e-09 
-0.215798 6.10558 0.23223 -4.21349e-09 0.112065 1.9355e-09 
-0.215798 6.10567 0.23223 -4.214e-09 0.112065 1.93599e-09 
-0.215798 6.10576 0.23223 -4.21452e-09 0.112065 1.93648e-09 
-0.215798 6.10585 0.23223 -4.21503e-09 0.112064 1.93697e-09 
-0.215798 6.10594 0.23223 -4.21555e-09 0.112064 1.93746e-09 
-0.215798 6.10603 0.23223 -4.21606e-09 0.112064 1.93795e-09 
-0.215798 6.10612 0.23223 -4.21658e-09 0.112064 1.93844e-09 
-0.215798 6.10621 0.23223 -4.21709e-09 0.112064 1.93892e-09 
-0.215798 6.1063 0.23223 -4.21761e-09 0.112064 1.93941e-09 
-0.215798 6.10639 0.23223 -4.21813e-09 0.112064 1.9399e-09 
-0.215798 6.10648 0.23223 -4.21864e-09 0.112064 1.94039e-09 
-0.215798 6.10657 0.23223 -4.21916e-09 0.112064 1.94088e-09 
-0.215798 6.10666 0.23223 -4.21968e-09 0.112064 1.94136e-09 
-0.215798 6.10675 0.23223 -4.2202e-09 0.112064 1.94185e-09 
-0.215798 6.10684 0.23223 -4.22072e-09 0.112064 1.94233e-09 
-0.215798 6.10693 0.23223 -4.22123e-09 0.112064 1.94282e-09 
-0.215798 6.10702 0.23223 -4.22175e-09 0.112064 1.94331e-09 
-0.215798 6.10711 0.23223 -4.22227e-09 0.112064 1.94379e-09 
-0.215798 6.1072 0.23223 -4.22279e-09 0.112064 1.94428e-09 
-0.215798 6.10729 0.23223 -4.22331e-09 0.112063 1.94476e-09 
-0.215798 6.10738 0.23223 -4.22383e-09 0.112063 1.94525e-09 
-0.215798 6.10747 0.23223 -4.22435e-09 0.112063 1.94573e-09 
-0.215798 6.10756 0.23223 -4.22487e-09 0.112063 1.94622e-09 
-0.215798 6.10765 0.23223 -4.22539e-09 0.112063 1.9467e-09 
-0.215798 6.10773 0.23223 -4.22591e-09 0.112063 1.94718e-09 
-0.215798 6.10782 0.23223 -4.22643e-09 0.112063 1.94767e-09 
-0.215798 6.10791 0.23223 -4.22695e-09 0.112063 1.94815e-09 
-0.215798 6.108 0.23223 -4.22747e-09 0.112063 1.94863e-09 
-0.215798 6.10809 0.23223 -4.22799e-09 0.112063 1.94911e-09 
-0.215798 6.10818 0.23223 -4.22851e-09 0.112063 1.94959e-09 
-0.215798 6.10827 0.23223 -4.22903e-09 0.112063 1.95008e-09 
-0.215798 6.10836 0.23223 -4.22955e-09 0.112063 1.95056e-09 
-0.215798 6.10845 0.23223 -4.23008e-09 0.112063 1.95104e-09 
-0.215798 6.10854 0.23223 -4.2306e-09 0.112063 1.95152e-09 
-0.215798 6.10863 0.23223 -4.23112e-09 0.112063 1.952e-09 
-0.215798 6.10872 0.23223 -4.23164e-09 0.112063 1.95248e-09 
-0.215798 6.10881 0.23223 -4.23216e-09 0.112062 1.95296e-09 
-0.215798 6.1089 0.23223 -4.23269e-09 0.112062 1.95344e-09 
-0.215798 6.10899 0.23223 -4.23321e-09 0.112062 1.95392e-09 
-0.215798 6.10908 0.23223 -4.23373e-09 0.112062 1.9544e-09 
-0.215798 6.10917 0.23223 -4.23425e-09 0.112062 1.95488e-09 
-0.215798 6.10926 0.23223 -4.23478e-09 0.112062 1.95536e-09 
-0.215798 6.10935 0.23223 -4.2353e-09 0.112062 1.95583e-09 
-0.215798 6.10944 0.23223 -4.23582e-09 0.112062 1.95631e-09 
-0.215798 6.10953 0.23223 -4.23635e-09 0.112062 1.95679e-09 
-0.215798 6.10962 0.23223 -4.23687e-09 0.112062 1.95727e-09 
-0.215798 6.10971 0.23223 -4.2374e-09 0.112062 1.95774e-09 
-0.215798 6.1098 0.23223 -4.23792e-09 0.112062 1.95822e-09 
-0.215798 6.10989 0.23223 -4.23844e-09 0.112062 1.9587e-09 
-0.215798 6.10998 0.23223 -4.23897e-09 0.112062 1.95918e-09 
-0.215798 6.11007 0.23223 -4.23949e-09 0.112062 1.95965e-09 
-0.215798 6.11016 0.23223 -4.24002e-09 0.112062 1.96013e-09 
-0.215798 6.11024 0.23223 -4.24054e-09 0.112061 1.9606e-09 
-0.215798 6.11033 0.23223 -4.24107e-09 0.112061 1.96108e-09 
-0.215798 6.11042 0.23223 -4.24159e-09 0.112061 1.96155e-09 
-0.215798 6.11051 0.23223 -4.24212e-09 0.112061 1.96203e-09 
-0.215798 6.1106 0.23223 -4.24264e-09 0.112061 1.9625e-09 
-0.215798 6.11069 0.23223 -4.24317e-09 0.112061 1.96298e-09 
-0.215798 6.11078 0.23223 -4.24369e-09 0.112061 1.96345e-09 
-0.215798 6.11087 0.23223 -4.24422e-09 0.112061 1.96393e-09 
-0.215798 6.11096 0.23223 -4.24474e-09 0.112061 1.9644e-09 
-0.215798 6.11105 0.23223 -4.24527e-09 0.112061 1.96487e-09 
-0.215798 6.11114 0.23223 -4.2458e-09 0.112061 1.96535e-09 
-0.215798 6.11123 0.23223 -4.24632e-09 0.112061 1.96582e-09 
-0.215798 6.11132 0.23223 -4.24685e-09 0.112061 1.96629e-09 
-0.215798 6.11141 0.23223 -4.24737e-09 0.112061 1.96676e-09 
-0.215798 6.1115 0.23223 -4.2479e-09 0.112061 1.96724e-09 
-0.215798 6.11159 0.23223 -4.24843e-09 0.112061 1.96771e-09 
-0.215798 6.11168 0.23223 -4.24895e-09 0.112061 1.96818e-09 
-0.215798 6.11177 0.23223 -4.24948e-09 0.11206 1.96865e-09 
-0.215798 6.11186 0.23223 -4.25001e-09 0.11206 1.96912e-09 
-0.215798 6.11195 0.23223 -4.25053e-09 0.11206 1.9696e-09 
-0.215798 6.11204 0.23223 -4.25106e-09 0.11206 1.97007e-09 
-0.215798 6.11213 0.23223 -4.25159e-09 0.11206 1.97054e-09 
-0.215798 6.11222 0.23223 -4.25211e-09 0.11206 1.97101e-09 
-0.215798 6.11231 0.23223 -4.25264e-09 0.11206 1.97148e-09 
-0.215798 6.1124 0.23223 -4.25317e-09 0.11206 1.97195e-09 
-0.215798 6.11249 0.23223 -4.2537e-09 0.11206 1.97242e-09 
-0.215798 6.11258 0.23223 -4.25422e-09 0.11206 1.97289e-09 
-0.215798 6.11267 0.23223 -4.25475e-09 0.11206 1.97336e-09 
-0.215798 6.11275 0.23223 -4.25528e-09 0.11206 1.97383e-09 
-0.215798 6.11284 0.23223 -4.25581e-09 0.11206 1.9743e-09 
-0.215798 6.11293 0.23223 -4.25634e-09 0.11206 1.97477e-09 
-0.215798 6.11302 0.23223 -4.25686e-09 0.11206 1.97524e-09 
-0.215798 6.11311 0.23223 -4.25739e-09 0.11206 1.97571e-09 
-0.215798 6.1132 0.23223 -4.25792e-09 0.112059 1.97618e-09 
-0.215798 6.11329 0.23223 -4.25845e-09 0.112059 1.97665e-09 
-0.215798 6.11338 0.23223 -4.25897e-09 0.112059 1.97712e-09 
-0.215798 6.11347 0.23223 -4.2595e-09 0.112059 1.9776e-09 
-0.215798 6.11356 0.23223 -4.26002e-09 0.112059 1.97808e-09 
-0.215798 6.11365 0.23223 -4.26054e-09 0.112059 1.97855e-09 
-0.215798 6.11374 0.23223 -4.26106e-09 0.112059 1.97903e-09 
-0.215798 6.11383 0.23223 -4.26158e-09 0.112059 1.97951e-09 
-0.215798 6.11392 0.23223 -4.2621e-09 0.112059 1.97999e-09 
-0.215798 6.11401 0.23223 -4.26262e-09 0.112059 1.98046e-09 
-0.215798 6.1141 0.23223 -4.26314e-09 0.112059 1.98094e-09 
-0.215798 6.11419 0.23223 -4.26365e-09 0.112059 1.98142e-09 
-0.215798 6.11428 0.23223 -4.26417e-09 0.112059 1.9819e-09 
-0.215798 6.11437 0.23223 -4.26469e-09 0.112059 1.98238e-09 
-0.215798 6.11446 0.23223 -4.2652e-09 0.112059 1.98286e-09 
-0.215798 6.11455 0.23223 -4.26572e-09 0.112059 1.98335e-09 
-0.215798 6.11464 0.23223 -4.26623e-09 0.112059 1.98383e-09 
-0.215798 6.11473 0.23223 -4.26675e-09 0.112058 1.98431e-09 
-0.215798 6.11482 0.23223 -4.26726e-09 0.112058 1.98479e-09 
-0.215798 6.11491 0.23223 -4.26777e-09 0.112058 1.98527e-09 
-0.215798 6.115 0.23223 -4.26829e-09 0.112058 1.98575e-09 
-0.215798 6.11509 0.23223 -4.2688e-09 0.112058 1.98623e-09 
-0.215798 6.11518 0.23223 -4.26931e-09 0.112058 1.98671e-09 
-0.215798 6.11526 0.23223 -4.26983e-09 0.112058 1.9872e-09 
-0.215798 6.11535 0.23223 -4.27034e-09 0.112058 1.98768e-09 
-0.215798 6.11544 0.23223 -4.27085e-09 0.112058 1.98816e-09 
-0.215798 6.11553 0.23223 -4.27137e-09 0.112058 1.98864e-09 
-0.215798 6.11562 0.23223 -4.27188e-09 0.112058 1.98912e-09 
-0.215798 6.11571 0.23223 -4.27239e-09 0.112058 1.9896e-09 
-0.215798 6.1158 0.23223 -4.27291e-09 0.112058 1.99008e-09 
-0.215798 6.11589 0.23223 -4.27342e-09 0.112058 1.99056e-09 
-0.215798 6.11598 0.23223 -4.27393e-09 0.112058 1.99105e-09 
-0.215798 6.11607 0.23223 -4.27444e-09 0.112058 1.99153e-09 
-0.215798 6.11616 0.23223 -4.27495e-09 0.112057 1.99201e-09 
-0.215798 6.11625 0.23223 -4.27547e-09 0.112057 1.99249e-09 
-0.215798 6.11634 0.23223 -4.27598e-09 0.112057 1.99297e-09 
-0.215798 6.11643 0.23223 -4.27649e-09 0.112057 1.99345e-09 
-0.215798 6.11652 0.23223 -4.277e-09 0.112057 1.99393e-09 
-0.215798 6.11661 0.23223 -4.27751e-09 0.112057 1.99442e-09 
-0.215798 6.1167 0.23223 -4.27802e-09 0.112057 1.9949e-09 
-0.215798 6.11679 0.23223 -4.27853e-09 0.112057 1.99538e-09 
-0.215798 6.11688 0.23223 -4.27905e-09 0.112057 1.99586e-09 
-0.215798 6.11697 0.23223 -4.27956e-09 0.112057 1.99634e-09 
-0.215798 6.11706 0.23223 -4.28007e-09 0.112057 1.99682e-09 
-0.215798 6.11715 0.23223 -4.28058e-09 0.112057 1.9973e-09 
-0.215798 6.11724 0.23223 -4.28109e-09 0.112057 1.99779e-09 
-0.215798 6.11733 0.23223 -4.2816e-09 0.112057 1.99827e-09 
-0.215798 6.11742 0.23223 -4.28211e-09 0.112057 1.99875e-09 
-0.215798 6.11751 0.23223 -4.28262e-09 0.112057 1.99923e-09 
-0.215798 6.1176 0.23223 -4.28313e-09 0.112057 1.99971e-09 
-0.215798 6.11769 0.23223 -4.28364e-09 0.112056 2.00019e-09 
-0.215798 6.11777 0.23223 -4.28415e-09 0.112056 2.00067e-09 
-0.215798 6.11786 0.23223 -4.28466e-09 0.112056 2.00116e-09 
-0.215798 6.11795 0.23223 -4.28517e-09 0.112056 2.00164e-09 
-0.215798 6.11804 0.23223 -4.28568e-09 0.112056 2.00212e-09 
-0.215798 6.11813 0.23223 -4.28619e-09 0.112056 2.0026e-09 
-0.215798 6.11822 0.23223 -4.2867e-09 0.112056 2.00308e-09 
-0.215798 6.11831 0.23223 -4.28721e-09 0.112056 2.00356e-09 
-0.215798 6.1184 0.23223 -4.28772e-09 0.112056 2.00404e-09 
-0.215798 6.11849 0.23223 -4.28823e-09 0.112056 2.00452e-09 
-0.215798 6.11858 0.23223 -4.28874e-09 0.112056 2.00501e-09 
-0.215798 6.11867 0.23223 -4.28925e-09 0.112056 2.00549e-09 
-0.215798 6.11876 0.23223 -4.28976e-09 0.112056 2.00597e-09 
-0.215798 6.11885 0.23223 -4.29027e-09 0.112056 2.00645e-09 
-0.215798 6.11894 0.23223 -4.29078e-09 0.112056 2.00693e-09 
-0.215798 6.11903 0.23223 -4.29129e-09 0.112056 2.00741e-09 
-0.215798 6.11912 0.23223 -4.2918e-09 0.112055 2.00789e-09 
-0.215798 6.11921 0.23223 -4.29231e-09 0.112055 2.00837e-09 
-0.215798 6.1193 0.23223 -4.29281e-09 0.112055 2.00885e-09 
-0.215798 6.11939 0.23223 -4.29332e-09 0.112055 2.00933e-09 
-0.215798 6.11948 0.23223 -4.29383e-09 0.112055 2.00981e-09 
-0.215798 6.11957 0.23223 -4.29434e-09 0.112055 2.01029e-09 
-0.215798 6.11966 0.23223 -4.29485e-09 0.112055 2.01077e-09 
-0.215798 6.11975 0.23223 -4.29536e-09 0.112055 2.01125e-09 
-0.215798 6.11984 0.23223 -4.29587e-09 0.112055 2.01173e-09 
-0.215798 6.11993 0.23223 -4.29638e-09 0.112055 2.01221e-09 
-0.215798 6.12002 0.23223 -4.29689e-09 0.112055 2.01269e-09 
-0.215798 6.12011 0.23223 -4.29739e-09 0.112055 2.01317e-09 
-0.215798 6.1202 0.23223 -4.2979e-09 0.112055 2.01365e-09 
-0.215798 6.12029 0.23223 -4.29841e-09 0.112055 2.01413e-09 
-0.215798 6.12037 0.23223 -4.29892e-09 0.112055 2.01461e-09 
-0.215798 6.12046 0.23223 -4.29943e-09 0.112055 2.01509e-09 
-0.215798 6.12055 0.23223 -4.29994e-09 0.112054 2.01557e-09 
-0.215798 6.12064 0.23223 -4.30044e-09 0.112054 2.01605e-09 
-0.215798 6.12073 0.23223 -4.30095e-09 0.112054 2.01653e-09 
-0.215798 6.12082 0.23223 -4.30146e-09 0.112054 2.01701e-09 
-0.215798 6.12091 0.23223 -4.30197e-09 0.112054 2.01749e-09 
-0.215798 6.121 0.23223 -4.30248e-09 0.112054 2.01797e-09 
-0.215798 6.12109 0.23223 -4.30298e-09 0.112054 2.01845e-09 
-0.215798 6.12118 0.23223 -4.30349e-09 0.112054 2.01892e-09 
-0.215798 6.12127 0.23223 -4.304e-09 0.112054 2.0194e-09 
-0.215798 6.12136 0.23223 -4.30451e-09 0.112054 2.01988e-09 
-0.215798 6.12145 0.23223 -4.30502e-09 0.112054 2.02036e-09 
-0.215798 6.12154 0.23223 -4.30553e-09 0.112054 2.02084e-09 
-0.215798 6.12163 0.23223 -4.30603e-09 0.112054 2.02132e-09 
-0.215798 6.12172 0.23223 -4.30654e-09 0.112054 2.02179e-09 
-0.215798 6.12181 0.23223 -4.30705e-09 0.112054 2.02227e-09 
-0.215798 6.1219 0.23223 -4.30756e-09 0.112054 2.02275e-09 
-0.215798 6.12199 0.23223 -4.30807e-09 0.112054 2.02323e-09 
-0.215798 6.12208 0.23223 -4.30858e-09 0.112053 2.0237e-09 
-0.215798 6.12217 0.23223 -4.30908e-09 0.112053 2.02418e-09 
-0.215798 6.12226 0.23223 -4.30959e-09 0.112053 2.02466e-09 
-0.215798 6.12235 0.23223 -4.3101e-09 0.112053 2.02513e-09 
-0.215798 6.12244 0.23223 -4.31061e-09 0.112053 2.02561e-09 
-0.215798 6.12253 0.23223 -4.31112e-09 0.112053 2.02608e-09 
-0.215798 6.12262 0.23223 -4.31163e-09 0.112053 2.02656e-09 
-0.215798 6.12271 0.23223 -4.31214e-09 0.112053 2.02703e-09 
-0.215798 6.1228 0.23223 -4.31265e-09 0.112053 2.02751e-09 
-0.215798 6.12288 0.23223 -4.31316e-09 0.112053 2.02798e-09 
-0.215798 6.12297 0.23223 -4.31367e-09 0.112053 2.02846e-09 
-0.215798 6.12306 0.23223 -4.31418e-09 0.112053 2.02893e-09 
-0.215798 6.12315 0.23223 -4.31469e-09 0.112053 2.02941e-09 
-0.215798 6.12324 0.23223 -4.3152e-09 0.112053 2.02988e-09 
-0.215798 6.12333 0.23223 -4.31571e-09 0.112053 2.03036e-09 
-0.215798 6.12342 0.23223 -4.31621e-09 0.112053 2.03083e-09 
-0.215798 6.12351 0.23223 -4.31672e-09 0.112052 2.0313e-09 
-0.215798 6.1236 0.23223 -4.31724e-09 0.112052 2.03178e-09 
-0.215798 6.12369 0.23223 -4.31775e-09 0.112052 2.03225e-09 
-0.215798 6.12378 0.23223 -4.31826e-09 0.112052 2.03272e-09 
-0.215798 6.12387 0.23223 -4.31877e-09 0.112052 2.0332e-09 
-0.215798 6.12396 0.23223 -4.31928e-09 0.112052 2.03367e-09 
-0.215798 6.12405 0.23223 -4.31979e-09 0.112052 2.03414e-09 
-0.215798 6.12414 0.23223 -4.3203e-09 0.112052 2.03461e-09 
-0.215798 6.12423 0.23223 -4.32081e-09 0.112052 2.03508e-09 
-0.215798 6.12432 0.23223 -4.32132e-09 0.112052 2.03556e-09 
-0.215798 6.12441 0.23223 -4.32183e-09 0.112052 2.03603e-09 
-0.215798 6.1245 0.23223 -4.32234e-09 0.112052 2.0365e-09 
-0.215798 6.12459 0.23223 -4.32285e-09 0.112052 2.03697e-09 
-0.215798 6.12468 0.23223 -4.32336e-09 0.112052 2.03744e-09 
-0.215798 6.12477 0.23223 -4.32387e-09 0.112052 2.03791e-09 
-0.215798 6.12486 0.23223 -4.32439e-09 0.112052 2.03838e-09 
-0.215798 6.12495 0.23223 -4.3249e-09 0.112052 2.03885e-09 
-0.215798 6.12504 0.23223 -4.32541e-09 0.112051 2.03932e-09 
-0.215798 6.12513 0.23223 -4.32592e-09 0.112051 2.03979e-09 
-0.215798 6.12522 0.23223 -4.32643e-09 0.112051 2.04026e-09 
-0.215798 6.12531 0.23223 -4.32694e-09 0.112051 2.04073e-09 
-0.215798 6.12539 0.23223 -4.32746e-09 0.112051 2.0412e-09 
-0.215798 6.12548 0.23223 -4.32797e-09 0.112051 2.04167e-09 
-0.215798 6.12557 0.23223 -4.32848e-09 0.112051 2.04214e-09 
-0.215798 6.12566 0.23223 -4.32899e-09 0.112051 2.04261e-09 
-0.215798 6.12575 0.23223 -4.32951e-09 0.112051 2.04308e-09 
-0.215798 6.12584 0.23223 -4.33002e-09 0.112051 2.04354e-09 
-0.215798 6.12593 0.23223 -4.33053e-09 0.112051 2.04401e-09 
-0.215798 6.12602 0.23223 -4.33104e-09 0.112051 2.04448e-09 
-0.215798 6.12611 0.23223 -4.33156e-09 0.112051 2.04495e-09 
-0.215798 6.1262 0.23223 -4.33207e-09 0.112051 2.04542e-09 
-0.215798 6.12629 0.23223 -4.33258e-09 0.112051 2.04588e-09 
-0.215798 6.12638 0.23223 -4.3331e-09 0.112051 2.04635e-09 
-0.215798 6.12647 0.23223 -4.33361e-09 0.11205 2.04682e-09 
-0.215798 6.12656 0.23223 -4.33412e-09 0.11205 2.04729e-09 
-0.215798 6.12665 0.23223 -4.33464e-09 0.11205 2.04775e-09 
-0.215798 6.12674 0.23223 -4.33515e-09 0.11205 2.04822e-09 
-0.215798 6.12683 0.23223 -4.33566e-09 0.11205 2.04868e-09 
-0.215798 6.12692 0.23223 -4.33618e-09 0.11205 2.04915e-09 
-0.215798 6.12701 0.23223 -4.33669e-09 0.11205 2.04962e-09 
-0.215798 6.1271 0.23223 -4.33721e-09 0.11205 2.05008e-09 
-0.215798 6.12719 0.23223 -4.33772e-09 0.11205 2.05055e-09 
-0.215798 6.12728 0.23223 -4.33824e-09 0.11205 2.05101e-09 
-0.215798 6.12737 0.23223 -4.33875e-09 0.11205 2.05148e-09 
-0.215798 6.12746 0.23223 -4.33927e-09 0.11205 2.05194e-09 
-0.215798 6.12755 0.23223 -4.33978e-09 0.11205 2.05241e-09 
-0.215798 6.12764 0.23223 -4.3403e-09 0.11205 2.05287e-09 
-0.215798 6.12773 0.23223 -4.34081e-09 0.11205 2.05334e-09 
-0.215798 6.12782 0.23223 -4.34133e-09 0.11205 2.0538e-09 
-0.215798 6.1279 0.23223 -4.34184e-09 0.11205 2.05426e-09 
-0.215798 6.12799 0.23223 -4.34236e-09 0.112049 2.05473e-09 
-0.215798 6.12808 0.23223 -4.34287e-09 0.112049 2.05519e-09 
-0.215798 6.12817 0.23223 -4.34339e-09 0.112049 2.05565e-09 
-0.215798 6.12826 0.23223 -4.3439e-09 0.112049 2.05612e-09 
-0.215798 6.12835 0.23223 -4.34442e-09 0.112049 2.05658e-09 
-0.215798 6.12844 0.23223 -4.34493e-09 0.112049 2.05704e-09 
-0.215798 6.12853 0.23223 -4.34545e-09 0.112049 2.0575e-09 
-0.215798 6.12862 0.23223 -4.34597e-09 0.112049 2.05796e-09 
-0.215798 6.12871 0.23223 -4.34648e-09 0.112049 2.05843e-09 
-0.215798 6.1288 0.23223 -4.347e-09 0.112049 2.05889e-09 
-0.215798 6.12889 0.23223 -4.34752e-09 0.112049 2.05935e-09 
-0.215798 6.12898 0.23223 -4.34803e-09 0.112049 2.05981e-09 
-0.215798 6.12907 0.23223 -4.34855e-09 0.112049 2.06027e-09 
-0.215798 6.12916 0.23223 -4.34907e-09 0.112049 2.06073e-09 
-0.215798 6.12925 0.23223 -4.34959e-09 0.112049 2.06119e-09 
-0.215798 6.12934 0.23223 -4.3501e-09 0.112049 2.06165e-09 
-0.215798 6.12943 0.23223 -4.35062e-09 0.112048 2.06211e-09 
-0.215798 6.12952 0.23223 -4.35114e-09 0.112048 2.06257e-09 
-0.215798 6.12961 0.23223 -4.35166e-09 0.112048 2.06303e-09 
-0.215798 6.1297 0.23223 -4.35218e-09 0.112048 2.06349e-09 
-0.215798 6.12979 0.23223 -4.35269e-09 0.112048 2.06395e-09 
-0.215798 6.12988 0.23223 -4.35321e-09 0.112048 2.06441e-09 
-0.215798 6.12997 0.23223 -4.35373e-09 0.112048 2.06486e-09 
-0.215798 6.13006 0.23223 -4.35425e-09 0.112048 2.06532e-09 
-0.215798 6.13015 0.23223 -4.35477e-09 0.112048 2.06578e-09 
-0.215798 6.13024 0.23223 -4.35529e-09 0.112048 2.06624e-09 
-0.215798 6.13033 0.23223 -4.35581e-09 0.112048 2.0667e-09 
-0.215798 6.13041 0.23223 -4.35633e-09 0.112048 2.06715e-09 
-0.215798 6.1305 0.23223 -4.35685e-09 0.112048 2.06761e-09 
-0.215798 6.13059 0.23223 -4.35737e-09 0.112048 2.06807e-09 
-0.215798 6.13068 0.23223 -4.35789e-09 0.112048 2.06852e-09 
-0.215798 6.13077 0.23223 -4.35841e-09 0.112048 2.06898e-09 
-0.215798 6.13086 0.23223 -4.35893e-09 0.112048 2.06944e-09 
-0.215798 6.13095 0.23223 -4.35945e-09 0.112047 2.06989e-09 
-0.215798 6.13104 0.23223 -4.35997e-09 0.112047 2.07035e-09 
-0.215798 6.13113 0.23223 -4.36049e-09 0.112047 2.0708e-09 
-0.215798 6.13122 0.23223 -4.36101e-09 0.112047 2.07126e-09 
-0.215798 6.13131 0.23223 -4.36153e-09 0.112047 2.07171e-09 
-0.215798 6.1314 0.23223 -4.36205e-09 0.112047 2.07217e-09 
-0.215798 6.13149 0.23223 -4.36257e-09 0.112047 2.07262e-09 
-0.215798 6.13158 0.23223 -4.36309e-09 0.112047 2.07307e-09 
-0.215798 6.13167 0.23223 -4.36362e-09 0.112047 2.07353e-09 
-0.215798 6.13176 0.23223 -4.36414e-09 0.112047 2.07398e-09 
-0.215798 6.13185 0.23223 -4.36466e-09 0.112047 2.07443e-09 
-0.215798 6.13194 0.23223 -4.36518e-09 0.112047 2.07489e-09 
-0.215798 6.13203 0.23223 -4.36571e-09 0.112047 2.07534e-09 
-0.215798 6.13212 0.23223 -4.36623e-09 0.112047 2.07579e-09 
-0.215798 6.13221 0.23223 -4.36675e-09 0.112047 2.07624e-09 
-0.215798 6.1323 0.23223 -4.36728e-09 0.112047 2.0767e-09 
-0.215798 6.13239 0.23223 -4.3678e-09 0.112046 2.07715e-09 
-0.215798 6.13248 0.23223 -4.36832e-09 0.112046 2.0776e-09 
-0.215798 6.13257 0.23223 -4.36885e-09 0.112046 2.07805e-09 
-0.215798 6.13266 0.23223 -4.36937e-09 0.112046 2.0785e-09 
-0.215798 6.13275 0.23223 -4.3699e-09 0.112046 2.07895e-09 
-0.215798 6.13284 0.23223 -4.37042e-09 0.112046 2.0794e-09 
-0.215798 6.13293 0.23223 -4.37094e-09 0.112046 2.07985e-09 
-0.215798 6.13301 0.23223 -4.37147e-09 0.112046 2.0803e-09 
-0.215798 6.1331 0.23223 -4.37199e-09 0.112046 2.08075e-09 
-0.215798 6.13319 0.23223 -4.37252e-09 0.112046 2.0812e-09 
-0.215798 6.13328 0.23223 -4.37305e-09 0.112046 2.08165e-09 
-0.215798 6.13337 0.23223 -4.37357e-09 0.112046 2.0821e-09 
-0.215798 6.13346 0.23223 -4.3741e-09 0.112046 2.08254e-09 
-0.215798 6.13355 0.23223 -4.37462e-09 0.112046 2.08299e-09 
-0.215798 6.13364 0.23223 -4.37515e-09 0.112046 2.08344e-09 
-0.215798 6.13373 0.23223 -4.37567e-09 0.112046 2.08389e-09 
-0.215798 6.13382 0.23223 -4.3762e-09 0.112046 2.08434e-09 
-0.215798 6.13391 0.23223 -4.37673e-09 0.112045 2.08478e-09 
-0.215798 6.134 0.23223 -4.37726e-09 0.112045 2.08523e-09 
-0.215798 6.13409 0.23223 -4.37778e-09 0.112045 2.08568e-09 
-0.215798 6.13418 0.23223 -4.37831e-09 0.112045 2.08612e-09 
-0.215798 6.13427 0.23223 -4.37884e-09 0.112045 2.08657e-09 
-0.215798 6.13436 0.23223 -4.37937e-09 0.112045 2.08701e-09 
-0.215798 6.13445 0.23223 -4.37989e-09 0.112045 2.08746e-09 
-0.215798 6.13454 0.23223 -4.38042e-09 0.112045 2.08791e-09 
-0.215798 6.13463 0.23223 -4.38095e-09 0.112045 2.08835e-09 
-0.215798 6.13472 0.23223 -4.38148e-09 0.112045 2.08879e-09 
-0.215798 6.13481 0.23223 -4.38201e-09 0.112045 2.08924e-09 
-0.215798 6.1349 0.23223 -4.38254e-09 0.112045 2.08968e-09 
-0.215798 6.13499 0.23223 -4.38307e-09 0.112045 2.09013e-09 
-0.215798 6.13508 0.23223 -4.3836e-09 0.112045 2.09057e-09 
-0.215798 6.13517 0.23223 -4.38413e-09 0.112045 2.09101e-09 
-0.215798 6.13526 0.23223 -4.38467e-09 0.112045 2.09146e-09 
-0.215798 6.13535 0.23223 -4.3852e-09 0.112044 2.0919e-09 
-0.215798 6.13544 0.23223 -4.38573e-09 0.112044 2.09234e-09 
-0.215798 6.13552 0.23223 -4.38626e-09 0.112044 2.09278e-09 
-0.215798 6.13561 0.23223 -4.38679e-09 0.112044 2.09323e-09 
-0.215798 6.1357 0.23223 -4.38733e-09 0.112044 2.09367e-09 
-0.215798 6.13579 0.23223 -4.38786e-09 0.112044 2.09411e-09 
-0.215798 6.13588 0.23223 -4.38839e-09 0.112044 2.09455e-09 
-0.215798 6.13597 0.23223 -4.38893e-09 0.112044 2.09499e-09 
-0.215798 6.13606 0.23223 -4.38946e-09 0.112044 2.09543e-09 
-0.215798 6.13615 0.23223 -4.38999e-09 0.112044 2.09587e-09 
-0.215798 6.13624 0.23223 -4.39053e-09 0.112044 2.09631e-09 
-0.215798 6.13633 0.23223 -4.39106e-09 0.112044 2.09675e-09 
-0.215798 6.13642 0.23223 -4.39159e-09 0.112044 2.09719e-09 
-0.215798 6.13651 0.23223 -4.39213e-09 0.112044 2.09763e-09 
-0.215798 6.1366 0.23223 -4.39266e-09 0.112044 2.09807e-09 
-0.215798 6.13669 0.23223 -4.3932e-09 0.112044 2.09851e-09 
-0.215798 6.13678 0.23223 -4.39373e-09 0.112043 2.09895e-09 
-0.215798 6.13687 0.23223 -4.39427e-09 0.112043 2.09939e-09 
-0.215798 6.13696 0.23223 -4.3948e-09 0.112043 2.09982e-09 
-0.215798 6.13705 0.23223 -4.39534e-09 0.112043 2.10026e-09 
-0.215798 6.13714 0.23223 -4.39588e-09 0.112043 2.1007e-09 
-0.215798 6.13723 0.23223 -4.39641e-09 0.112043 2.10114e-09 
-0.215798 6.13732 0.23223 -4.39695e-09 0.112043 2.10157e-09 
-0.215798 6.13741 0.23223 -4.39749e-09 0.112043 2.10201e-09 
-0.215798 6.1375 0.23223 -4.39802e-09 0.112043 2.10245e-09 
-0.215798 6.13759 0.23223 -4.39856e-09 0.112043 2.10288e-09 
-0.215798 6.13768 0.23223 -4.3991e-09 0.112043 2.10332e-09 
-0.215798 6.13777 0.23223 -4.39963e-09 0.112043 2.10376e-09 
-0.215798 6.13786 0.23223 -4.40017e-09 0.112043 2.10419e-09 
-0.215798 6.13795 0.23223 -4.40071e-09 0.112043 2.10463e-09 
-0.215798 6.13803 0.23223 -4.40125e-09 0.112043 2.10506e-09 
-0.215798 6.13812 0.23223 -4.40179e-09 0.112043 2.1055e-09 
-0.215798 6.13821 0.23223 -4.40232e-09 0.112043 2.10593e-09 
-0.215798 6.1383 0.23223 -4.40286e-09 0.112042 2.10637e-09 
-0.215798 6.13839 0.23223 -4.4034e-09 0.112042 2.1068e-09 
-0.215798 6.13848 0.23223 -4.40394e-09 0.112042 2.10724e-09 
-0.215798 6.13857 0.23223 -4.40448e-09 0.112042 2.10767e-09 
-0.215798 6.13866 0.23223 -4.40502e-09 0.112042 2.10811e-09 
-0.215798 6.13875 0.23223 -4.40556e-09 0.112042 2.10854e-09 
-0.215798 6.13884 0.23223 -4.4061e-09 0.112042 2.10897e-09 
-0.215798 6.13893 0.23223 -4.40664e-09 0.112042 2.1094e-09 
-0.215798 6.13902 0.23223 -4.40718e-09 0.112042 2.10984e-09 
-0.215798 6.13911 0.23223 -4.40772e-09 0.112042 2.11027e-09 
-0.215798 6.1392 0.23223 -4.40826e-09 0.112042 2.1107e-09 
-0.215798 6.13929 0.23223 -4.4088e-09 0.112042 2.11113e-09 
-0.215798 6.13938 0.23223 -4.40934e-09 0.112042 2.11157e-09 
-0.215798 6.13947 0.23223 -4.40988e-09 0.112042 2.112e-09 
-0.215798 6.13956 0.23223 -4.41042e-09 0.112042 2.11243e-09 
-0.215798 6.13965 0.23223 -4.41097e-09 0.112042 2.11286e-09 
-0.215798 6.13974 0.23223 -4.41151e-09 0.112041 2.11329e-09 
-0.215798 6.13983 0.23223 -4.41205e-09 0.112041 2.11372e-09 
-0.215798 6.13992 0.23223 -4.41259e-09 0.112041 2.11415e-09 
-0.215798 6.14001 0.23223 -4.41313e-09 0.112041 2.11458e-09 
-0.215798 6.1401 0.23223 -4.41368e-09 0.112041 2.11501e-09 
-0.215798 6.14019 0.23223 -4.41422e-09 0.112041 2.11544e-09 
-0.215798 6.14028 0.23223 -4.41476e-09 0.112041 2.11587e-09 
-0.215798 6.14037 0.23223 -4.41531e-09 0.112041 2.1163e-09 
-0.215798 6.14046 0.23223 -4.41585e-09 0.112041 2.11673e-09 
-0.215798 6.14054 0.23223 -4.41639e-09 0.112041 2.11716e-09 
-0.215798 6.14063 0.23223 -4.41694e-09 0.112041 2.11759e-09 
-0.215798 6.14072 0.23223 -4.41748e-09 0.112041 2.11802e-09 
-0.215798 6.14081 0.23223 -4.41803e-09 0.112041 2.11845e-09 
-0.215798 6.1409 0.23223 -4.41857e-09 0.112041 2.11887e-09 
-0.215798 6.14099 0.23223 -4.41911e-09 0.112041 2.1193e-09 
-0.215798 6.14108 0.23223 -4.41966e-09 0.112041 2.11973e-09 
-0.215798 6.14117 0.23223 -4.4202e-09 0.112041 2.12016e-09 
-0.215798 6.14126 0.23223 -4.42075e-09 0.11204 2.12058e-09 
-0.215798 6.14135 0.23223 -4.42129e-09 0.11204 2.12101e-09 
-0.215798 6.14144 0.23223 -4.42184e-09 0.11204 2.12144e-09 
-0.215798 6.14153 0.23223 -4.42239e-09 0.11204 2.12186e-09 
-0.215798 6.14162 0.23223 -4.42293e-09 0.11204 2.12229e-09 
-0.215798 6.14171 0.23223 -4.42348e-09 0.11204 2.12272e-09 
-0.215798 6.1418 0.23223 -4.42402e-09 0.11204 2.12314e-09 
-0.215798 6.14189 0.23223 -4.42457e-09 0.11204 2.12357e-09 
-0.215798 6.14198 0.23223 -4.42512e-09 0.11204 2.12399e-09 
-0.215798 6.14207 0.23223 -4.42566e-09 0.11204 2.12442e-09 
-0.215798 6.14216 0.23223 -4.42621e-09 0.11204 2.12484e-09 
-0.215798 6.14225 0.23223 -4.42675e-09 0.11204 2.12527e-09 
-0.215798 6.14234 0.23223 -4.4273e-09 0.11204 2.12569e-09 
-0.215798 6.14243 0.23223 -4.42785e-09 0.11204 2.12612e-09 
-0.215798 6.14252 0.23223 -4.4284e-09 0.11204 2.12654e-09 
-0.215798 6.14261 0.23223 -4.42894e-09 0.11204 2.12697e-09 
-0.215798 6.1427 0.23223 -4.42949e-09 0.112039 2.12739e-09 
-0.215798 6.14279 0.23223 -4.43004e-09 0.112039 2.12782e-09 
-0.215798 6.14288 0.23223 -4.43058e-09 0.112039 2.12824e-09 
-0.215798 6.14297 0.23223 -4.43113e-09 0.112039 2.12866e-09 
-0.215798 6.14305 0.23223 -4.43168e-09 0.112039 2.12909e-09 
-0.215798 6.14314 0.23223 -4.43223e-09 0.112039 2.12951e-09 
-0.215798 6.14323 0.23223 -4.43277e-09 0.112039 2.12993e-09 
-0.215798 6.14332 0.23223 -4.43332e-09 0.112039 2.13035e-09 
-0.215798 6.14341 0.23223 -4.43387e-09 0.112039 2.13078e-09 
-0.215798 6.1435 0.23223 -4.43442e-09 0.112039 2.1312e-09 
-0.215798 6.14359 0.23223 -4.43497e-09 0.112039 2.13162e-09 
-0.215798 6.14368 0.23223 -4.43551e-09 0.112039 2.13204e-09 
-0.215798 6.14377 0.23223 -4.43606e-09 0.112039 2.13246e-09 
-0.215798 6.14386 0.23223 -4.43661e-09 0.112039 2.13288e-09 
-0.215798 6.14395 0.23223 -4.43716e-09 0.112039 2.1333e-09 
-0.215798 6.14404 0.23223 -4.43771e-09 0.112039 2.13372e-09 
-0.215798 6.14413 0.23223 -4.43826e-09 0.112039 2.13414e-09 
-0.215798 6.14422 0.23223 -4.43881e-09 0.112038 2.13456e-09 
-0.215798 6.14431 0.23223 -4.43936e-09 0.112038 2.13498e-09 
-0.215798 6.1444 0.23223 -4.43991e-09 0.112038 2.1354e-09 
-0.215798 6.14449 0.23223 -4.44046e-09 0.112038 2.13582e-09 
-0.215798 6.14458 0.23223 -4.44101e-09 0.112038 2.13624e-09 
-0.215798 6.14467 0.23223 -4.44156e-09 0.112038 2.13666e-09 
-0.215798 6.14476 0.23223 -4.44211e-09 0.112038 2.13708e-09 
-0.215798 6.14485 0.23223 -4.44266e-09 0.112038 2.1375e-09 
-0.215798 6.14494 0.23223 -4.44321e-09 0.112038 2.13792e-09 
-0.215798 6.14503 0.23223 -4.44376e-09 0.112038 2.13834e-09 
-0.215798 6.14512 0.23223 -4.44432e-09 0.112038 2.13875e-09 
-0.215798 6.14521 0.23223 -4.44487e-09 0.112038 2.13917e-09 
-0.215798 6.1453 0.23223 -4.44542e-09 0.112038 2.13959e-09 
-0.215798 6.14539 0.23223 -4.44597e-09 0.112038 2.14001e-09 
-0.215798 6.14548 0.23223 -4.44652e-09 0.112038 2.14043e-09 
-0.215798 6.14557 0.23223 -4.44707e-09 0.112038 2.14084e-09 
-0.215798 6.14565 0.23223 -4.44763e-09 0.112037 2.14126e-09 
-0.215798 6.14574 0.23223 -4.44818e-09 0.112037 2.14168e-09 
-0.215798 6.14583 0.23223 -4.44873e-09 0.112037 2.14209e-09 
-0.215798 6.14592 0.23223 -4.44928e-09 0.112037 2.14251e-09 
-0.215798 6.14601 0.23223 -4.44984e-09 0.112037 2.14293e-09 
-0.215798 6.1461 0.23223 -4.45039e-09 0.112037 2.14334e-09 
-0.215798 6.14619 0.23223 -4.45094e-09 0.112037 2.14376e-09 
-0.215798 6.14628 0.23223 -4.4515e-09 0.112037 2.14417e-09 
-0.215798 6.14637 0.23223 -4.45205e-09 0.112037 2.14459e-09 
-0.215798 6.14646 0.23223 -4.4526e-09 0.112037 2.145e-09 
-0.215798 6.14655 0.23223 -4.45316e-09 0.112037 2.14542e-09 
-0.215798 6.14664 0.23223 -4.45371e-09 0.112037 2.14584e-09 
-0.215798 6.14673 0.23223 -4.45426e-09 0.112037 2.14625e-09 
-0.215798 6.14682 0.23223 -4.45482e-09 0.112037 2.14667e-09 
-0.215798 6.14691 0.23223 -4.45537e-09 0.112037 2.14708e-09 
-0.215798 6.147 0.23223 -4.45592e-09 0.112037 2.14749e-09 
-0.215798 6.14709 0.23223 -4.45648e-09 0.112036 2.14791e-09 
-0.215798 6.14718 0.23223 -4.45703e-09 0.112036 2.14832e-09 
-0.215798 6.14727 0.23223 -4.45759e-09 0.112036 2.14874e-09 
-0.215798 6.14736 0.23223 -4.45814e-09 0.112036 2.14915e-09 
-0.215798 6.14745 0.23223 -4.4587e-09 0.112036 2.14956e-09 
-0.215798 6.14754 0.23223 -4.45925e-09 0.112036 2.14998e-09 
-0.215798 6.14763 0.23223 -4.45981e-09 0.112036 2.15039e-09 
-0.215798 6.14772 0.23223 -4.46036e-09 0.112036 2.15081e-09 
-0.215798 6.14781 0.23223 -4.46092e-09 0.112036 2.15122e-09 
-0.215798 6.1479 0.23223 -4.46147e-09 0.112036 2.15163e-09 
-0.215798 6.14799 0.23223 -4.46203e-09 0.112036 2.15204e-09 
-0.215798 6.14808 0.23223 -4.46258e-09 0.112036 2.15246e-09 
-0.215798 6.14816 0.23223 -4.46314e-09 0.112036 2.15287e-09 
-0.215798 6.14825 0.23223 -4.4637e-09 0.112036 2.15328e-09 
-0.215798 6.14834 0.23223 -4.46425e-09 0.112036 2.15369e-09 
-0.215798 6.14843 0.23223 -4.46481e-09 0.112036 2.15411e-09 
-0.215798 6.14852 0.23223 -4.46537e-09 0.112036 2.15452e-09 
-0.215798 6.14861 0.23223 -4.46592e-09 0.112035 2.15493e-09 
-0.215798 6.1487 0.23223 -4.46648e-09 0.112035 2.15534e-09 
-0.215798 6.14879 0.23223 -4.46704e-09 0.112035 2.15575e-09 
-0.215798 6.14888 0.23223 -4.46759e-09 0.112035 2.15616e-09 
-0.215798 6.14897 0.23223 -4.46815e-09 0.112035 2.15657e-09 
-0.215798 6.14906 0.23223 -4.46871e-09 0.112035 2.15699e-09 
-0.215798 6.14915 0.23223 -4.46926e-09 0.112035 2.1574e-09 
-0.215798 6.14924 0.23223 -4.46982e-09 0.112035 2.15781e-09 
-0.215798 6.14933 0.23223 -4.47038e-09 0.112035 2.15822e-09 
-0.215798 6.14942 0.23223 -4.47094e-09 0.112035 2.15863e-09 
-0.215798 6.14951 0.23223 -4.4715e-09 0.112035 2.15904e-09 
-0.215798 6.1496 0.23223 -4.47205e-09 0.112035 2.15945e-09 
-0.215798 6.14969 0.23223 -4.47261e-09 0.112035 2.15986e-09 
-0.215798 6.14978 0.23223 -4.47317e-09 0.112035 2.16027e-09 
-0.215798 6.14987 0.23223 -4.47373e-09 0.112035 2.16067e-09 
-0.215798 6.14996 0.23223 -4.47429e-09 0.112035 2.16108e-09 
-0.215798 6.15005 0.23223 -4.47485e-09 0.112034 2.16149e-09 
-0.215798 6.15014 0.23223 -4.4754e-09 0.112034 2.1619e-09 
-0.215798 6.15023 0.23223 -4.47596e-09 0.112034 2.16231e-09 
-0.215798 6.15032 0.23223 -4.47652e-09 0.112034 2.16272e-09 
-0.215798 6.15041 0.23223 -4.47708e-09 0.112034 2.16313e-09 
-0.215798 6.1505 0.23223 -4.47764e-09 0.112034 2.16354e-09 
-0.215798 6.15059 0.23223 -4.4782e-09 0.112034 2.16394e-09 
-0.215798 6.15067 0.23223 -4.47876e-09 0.112034 2.16435e-09 
-0.215798 6.15076 0.23223 -4.47932e-09 0.112034 2.16476e-09 
-0.215798 6.15085 0.23223 -4.47988e-09 0.112034 2.16517e-09 
-0.215798 6.15094 0.23223 -4.48044e-09 0.112034 2.16557e-09 
-0.215798 6.15103 0.23223 -4.481e-09 0.112034 2.16598e-09 
-0.215798 6.15112 0.23223 -4.48156e-09 0.112034 2.16639e-09 
-0.215798 6.15121 0.23223 -4.48212e-09 0.112034 2.16679e-09 
-0.215798 6.1513 0.23223 -4.48268e-09 0.112034 2.1672e-09 
