0.0008
0.199048 6.46784 0.145812 1.16274e-10 0.197469 4.69502e-10 
0.199048 6.468 0.145812 1.17224e-10 0.197469 4.69818e-10 
0.199048 6.46816 0.145812 1.18207e-10 0.197469 4.70119e-10 
0.199048 6.46831 0.145812 1.19185e-10 0.197469 4.70421e-10 
0.199048 6.46847 0.145812 1.2014e-10 0.197469 4.70725e-10 
0.199048 6.46863 0.145812 1.21076e-10 0.197469 4.7103e-10 
0.199048 6.46879 0.145812 1.22001e-10 0.197469 4.71338e-10 
0.199048 6.46895 0.145812 1.22922e-10 0.197469 4.71649e-10 
0.199048 6.4691 0.145812 1.23842e-10 0.197469 4.71962e-10 
0.199048 6.46926 0.145812 1.24762e-10 0.197469 4.72279e-10 
0.199048 6.46942 0.145812 1.25682e-10 0.197469 4.72597e-10 
0.199048 6.46958 0.145812 1.26601e-10 0.197469 4.72917e-10 
0.199048 6.46973 0.145812 1.27521e-10 0.197469 4.73238e-10 
0.199048 6.46989 0.145812 1.28441e-10 0.197469 4.73561e-10 
0.199048 6.47005 0.145812 1.29362e-10 0.197469 4.73886e-10 
0.199048 6.47021 0.145812 1.30282e-10 0.197469 4.74211e-10 
0.199048 6.47037 0.145812 1.31202e-10 0.197469 4.74536e-10 
0.199048 6.47052 0.145812 1.32121e-10 0.197469 4.74862e-10 
0.199048 6.47068 0.145812 1.33041e-10 0.197469 4.75188e-10 
0.199048 6.47084 0.145812 1.33961e-10 0.197469 4.75516e-10 
0.199048 6.471 0.145812 1.34881e-10 0.197469 4.75843e-10 
0.199048 6.47115 0.145812 1.35801e-10 0.197469 4.76171e-10 
0.199048 6.47131 0.145812 1.36721e-10 0.197469 4.76502e-10 
0.199048 6.47147 0.145812 1.37641e-10 0.197469 4.76834e-10 
0.199048 6.47163 0.145812 1.38561e-10 0.197469 4.77167e-10 
0.199048 6.47179 0.145812 1.3948e-10 0.197469 4.77502e-10 
0.199048 6.47194 0.145812 1.404e-10 0.197469 4.77837e-10 
0.199048 6.4721 0.145812 1.4132e-10 0.197469 4.78173e-10 
0.199048 6.47226 0.145812 1.4224e-10 0.197469 4.7851e-10 
0.199048 6.47242 0.145812 1.4316e-10 0.197469 4.78848e-10 
0.199048 6.47258 0.145812 1.44081e-10 0.197469 4.79186e-10 
0.199048 6.47273 0.145812 1.45001e-10 0.197469 4.79524e-10 
0.199048 6.47289 0.145812 1.45921e-10 0.197469 4.79863e-10 
0.199048 6.47305 0.145812 1.46842e-10 0.197469 4.80202e-10 
0.199048 6.47321 0.145812 1.47763e-10 0.197469 4.80541e-10 
0.199048 6.47336 0.145812 1.48685e-10 0.197469 4.8088e-10 
0.199048 6.47352 0.145812 1.49606e-10 0.197469 4.81219e-10 
0.199048 6.47368 0.145812 1.50528e-10 0.197469 4.81558e-10 
0.199048 6.47384 0.145812 1.5145e-10 0.197469 4.81897e-10 
0.199048 6.474 0.145812 1.52373e-10 0.197469 4.82236e-10 
0.199048 6.47415 0.145812 1.53296e-10 0.197469 4.82575e-10 
0.199048 6.47431 0.145812 1.54219e-10 0.197469 4.82914e-10 
0.199048 6.47447 0.145812 1.55142e-10 0.197469 4.83253e-10 
0.199048 6.47463 0.145812 1.56065e-10 0.197469 4.83592e-10 
0.199048 6.47478 0.145812 1.56989e-10 0.197469 4.83931e-10 
0.199048 6.47494 0.145812 1.57912e-10 0.197469 4.84271e-10 
0.199048 6.4751 0.145812 1.58833e-10 0.197469 4.84611e-10 
0.199048 6.47526 0.145812 1.59754e-10 0.197469 4.84952e-10 
0.199048 6.47542 0.145812 1.60675e-10 0.197469 4.85293e-10 
0.199048 6.47557 0.145812 1.61595e-10 0.197469 4.85634e-10 
0.199048 6.47573 0.145812 1.62515e-10 0.197469 4.85976e-10 
0.199048 6.47589 0.145812 1.63435e-10 0.197469 4.86318e-10 
0.199048 6.47605 0.145812 1.64355e-10 0.197469 4.8666e-10 
0.199048 6.47621 0.145812 1.65274e-10 0.197469 4.87002e-10 
0.199048 6.47636 0.145812 1.66193e-10 0.197469 4.87345e-10 
0.199048 6.47652 0.145812 1.67113e-10 0.197469 4.87687e-10 
0.199048 6.47668 0.145812 1.68032e-10 0.197469 4.8803e-10 
0.199048 6.47684 0.145812 1.68952e-10 0.197469 4.88372e-10 
0.199048 6.47699 0.145812 1.69872e-10 0.197469 4.88715e-10 
0.199048 6.47715 0.145812 1.70792e-10 0.197469 4.89057e-10 
0.199048 6.47731 0.145812 1.71711e-10 0.197469 4.894e-10 
0.199048 6.47747 0.145812 1.72631e-10 0.197469 4.89743e-10 
0.199048 6.47763 0.145812 1.73551e-10 0.197469 4.90086e-10 
0.199048 6.47778 0.145812 1.74471e-10 0.197469 4.9043e-10 
0.199048 6.47794 0.145812 1.75391e-10 0.197469 4.90773e-10 
0.199048 6.4781 0.145812 1.76311e-10 0.197469 4.91117e-10 
0.199048 6.47826 0.145812 1.77231e-10 0.197469 4.91461e-10 
0.199048 6.47842 0.145812 1.78151e-10 0.197469 4.91805e-10 
0.199048 6.47857 0.145812 1.79071e-10 0.197469 4.92149e-10 
0.199048 6.47873 0.145812 1.79991e-10 0.197469 4.92494e-10 
0.199048 6.47889 0.145812 1.80911e-10 0.197469 4.92838e-10 
0.199048 6.47905 0.145812 1.81831e-10 0.197469 4.93183e-10 
0.199048 6.4792 0.145812 1.82751e-10 0.197469 4.93528e-10 
0.199048 6.47936 0.145812 1.8367e-10 0.197469 4.93873e-10 
0.199048 6.47952 0.145812 1.8459e-10 0.197469 4.94218e-10 
0.199048 6.47968 0.145812 1.85511e-10 0.197469 4.94564e-10 
0.199048 6.47984 0.145812 1.86431e-10 0.197469 4.94909e-10 
0.199048 6.47999 0.145812 1.87351e-10 0.197469 4.95254e-10 
0.199048 6.48015 0.145812 1.88271e-10 0.197469 4.956e-10 
0.199048 6.48031 0.145812 1.89191e-10 0.197469 4.95945e-10 
0.199048 6.48047 0.145812 1.90111e-10 0.197469 4.96291e-10 
0.199048 6.48062 0.145812 1.91031e-10 0.197469 4.96637e-10 
0.199048 6.48078 0.145812 1.91952e-10 0.197469 4.96983e-10 
0.199048 6.48094 0.145812 1.92872e-10 0.197469 4.97329e-10 
0.199048 6.4811 0.145812 1.93792e-10 0.197469 4.97675e-10 
0.199048 6.48126 0.145812 1.94713e-10 0.197469 4.98021e-10 
0.199048 6.48141 0.145812 1.95633e-10 0.197469 4.98367e-10 
0.199048 6.48157 0.145812 1.96554e-10 0.197469 4.98705e-10 
0.199048 6.48173 0.145812 1.97476e-10 0.197469 4.99037e-10 
0.199048 6.48189 0.145812 1.98397e-10 0.197469 4.99364e-10 
0.199048 6.48205 0.145812 1.99319e-10 0.197469 4.99689e-10 
0.199048 6.4822 0.145812 2.0024e-10 0.197469 5.00015e-10 
0.199048 6.48236 0.145812 2.01162e-10 0.197469 5.00341e-10 
0.199048 6.48252 0.145812 2.02083e-10 0.197469 5.00668e-10 
0.199048 6.48268 0.145812 2.03004e-10 0.197469 5.00995e-10 
0.199048 6.48283 0.145812 2.03925e-10 0.197469 5.01323e-10 
0.199048 6.48299 0.145812 2.04846e-10 0.197469 5.0165e-10 
0.199048 6.48315 0.145812 2.05767e-10 0.197469 5.01978e-10 
0.199048 6.48331 0.145812 2.06689e-10 0.197469 5.02306e-10 
0.199048 6.48347 0.145812 2.07611e-10 0.197469 5.02635e-10 
0.199048 6.48362 0.145812 2.08533e-10 0.197469 5.02964e-10 
0.199048 6.48378 0.145812 2.09455e-10 0.197469 5.03293e-10 
0.199048 6.48394 0.145812 2.10377e-10 0.197469 5.03623e-10 
0.199048 6.4841 0.145812 2.11299e-10 0.197469 5.03953e-10 
0.199048 6.48425 0.145812 2.12221e-10 0.197469 5.04284e-10 
0.199048 6.48441 0.145812 2.13144e-10 0.197469 5.04614e-10 
0.199048 6.48457 0.145812 2.14066e-10 0.197469 5.04945e-10 
0.199048 6.48473 0.145812 2.14989e-10 0.197469 5.05277e-10 
0.199048 6.48489 0.145812 2.15912e-10 0.197469 5.05608e-10 
0.199048 6.48504 0.145812 2.16835e-10 0.197469 5.0594e-10 
0.199048 6.4852 0.145812 2.17759e-10 0.197469 5.06272e-10 
0.199048 6.48536 0.145812 2.18682e-10 0.197469 5.06605e-10 
0.199048 6.48552 0.145812 2.19605e-10 0.197469 5.06939e-10 
0.199048 6.48568 0.145812 2.20528e-10 0.197469 5.07273e-10 
0.199048 6.48583 0.145812 2.21451e-10 0.197469 5.07608e-10 
0.199048 6.48599 0.145812 2.22373e-10 0.197469 5.07944e-10 
0.199048 6.48615 0.145812 2.23297e-10 0.197469 5.0828e-10 
0.199048 6.48631 0.145812 2.2422e-10 0.197469 5.08616e-10 
0.199048 6.48646 0.145812 2.25143e-10 0.197469 5.08952e-10 
0.199048 6.48662 0.145812 2.26066e-10 0.197469 5.09289e-10 
0.199048 6.48678 0.145812 2.26989e-10 0.197469 5.09625e-10 
0.199048 6.48694 0.145812 2.27913e-10 0.197469 5.09961e-10 
0.199048 6.4871 0.145812 2.28836e-10 0.197469 5.10298e-10 
0.199048 6.48725 0.145812 2.29759e-10 0.197469 5.10634e-10 
0.199048 6.48741 0.145812 2.30683e-10 0.197469 5.10971e-10 
0.199048 6.48757 0.145812 2.31607e-10 0.197469 5.11308e-10 
0.199048 6.48773 0.145812 2.32531e-10 0.197469 5.11645e-10 
0.199048 6.48788 0.145812 2.33455e-10 0.197469 5.11983e-10 
0.199048 6.48804 0.145812 2.34379e-10 0.197469 5.1232e-10 
0.199048 6.4882 0.145812 2.35303e-10 0.197469 5.12658e-10 
0.199048 6.48836 0.145812 2.36227e-10 0.197469 5.12996e-10 
0.199048 6.48852 0.145812 2.37152e-10 0.197469 5.13334e-10 
0.199048 6.48867 0.145812 2.38076e-10 0.197469 5.13673e-10 
0.199048 6.48883 0.145812 2.39e-10 0.197469 5.14012e-10 
0.199048 6.48899 0.145812 2.39924e-10 0.197469 5.14351e-10 
0.199048 6.48915 0.145812 2.40847e-10 0.197469 5.14691e-10 
0.199048 6.48931 0.145812 2.41772e-10 0.197469 5.15031e-10 
0.199048 6.48946 0.145812 2.42697e-10 0.197469 5.15372e-10 
0.199048 6.48962 0.145812 2.43623e-10 0.197469 5.15714e-10 
0.199048 6.48978 0.145812 2.4455e-10 0.197469 5.16056e-10 
0.199048 6.48994 0.145812 2.45477e-10 0.197469 5.16399e-10 
0.199048 6.49009 0.145812 2.46404e-10 0.197469 5.16742e-10 
0.199048 6.49025 0.145812 2.47331e-10 0.197468 5.17086e-10 
0.199048 6.49041 0.145812 2.48259e-10 0.197468 5.1743e-10 
0.199048 6.49057 0.145812 2.49186e-10 0.197468 5.17774e-10 
0.199048 6.49073 0.145812 2.50114e-10 0.197468 5.18119e-10 
0.199048 6.49088 0.145812 2.51044e-10 0.197468 5.18465e-10 
0.199048 6.49104 0.145812 2.51975e-10 0.197468 5.18812e-10 
0.199048 6.4912 0.145812 2.52906e-10 0.197468 5.19158e-10 
0.199048 6.49136 0.145812 2.53837e-10 0.197468 5.19506e-10 
0.199048 6.49152 0.145812 2.54768e-10 0.197468 5.19853e-10 
0.199048 6.49167 0.145812 2.55698e-10 0.197468 5.20202e-10 
0.199048 6.49183 0.145812 2.56628e-10 0.197468 5.2055e-10 
0.199048 6.49199 0.145812 2.57558e-10 0.197468 5.20899e-10 
0.199048 6.49215 0.145812 2.58488e-10 0.197468 5.21249e-10 
0.199048 6.4923 0.145812 2.59418e-10 0.197468 5.21599e-10 
0.199048 6.49246 0.145812 2.60348e-10 0.197468 5.2195e-10 
0.199048 6.49262 0.145812 2.61278e-10 0.197468 5.22301e-10 
0.199048 6.49278 0.145812 2.62209e-10 0.197468 5.22652e-10 
0.199048 6.49294 0.145812 2.6314e-10 0.197468 5.23003e-10 
0.199048 6.49309 0.145812 2.64073e-10 0.197468 5.23354e-10 
0.199048 6.49325 0.145812 2.65007e-10 0.197468 5.23704e-10 
0.199048 6.49341 0.145812 2.65942e-10 0.197468 5.24054e-10 
0.199048 6.49357 0.145812 2.66877e-10 0.197468 5.24405e-10 
0.199048 6.49372 0.145812 2.67812e-10 0.197468 5.24755e-10 
0.199048 6.49388 0.145812 2.68748e-10 0.197468 5.25106e-10 
0.199048 6.49404 0.145812 2.69685e-10 0.197468 5.25457e-10 
0.199048 6.4942 0.145812 2.70622e-10 0.197468 5.25808e-10 
0.199048 6.49436 0.145812 2.71559e-10 0.197468 5.26158e-10 
0.199048 6.49451 0.145812 2.72497e-10 0.197468 5.26509e-10 
0.199048 6.49467 0.145812 2.73435e-10 0.197468 5.2686e-10 
0.199048 6.49483 0.145812 2.74374e-10 0.197468 5.27211e-10 
0.199048 6.49499 0.145812 2.75314e-10 0.197468 5.27563e-10 
0.199048 6.49515 0.145812 2.76254e-10 0.197468 5.27914e-10 
0.199048 6.4953 0.145812 2.77194e-10 0.197468 5.28265e-10 
0.199048 6.49546 0.145812 2.78135e-10 0.197468 5.28617e-10 
0.199048 6.49562 0.145812 2.79077e-10 0.197468 5.28969e-10 
0.199048 6.49578 0.145812 2.80018e-10 0.197468 5.2932e-10 
0.199048 6.49593 0.145812 2.8096e-10 0.197468 5.29672e-10 
0.199048 6.49609 0.145812 2.81903e-10 0.197468 5.30025e-10 
0.199048 6.49625 0.145812 2.82845e-10 0.197468 5.30377e-10 
0.199048 6.49641 0.145812 2.83787e-10 0.197468 5.3073e-10 
0.199048 6.49657 0.145812 2.8473e-10 0.197468 5.31083e-10 
0.199048 6.49672 0.145812 2.85673e-10 0.197468 5.31436e-10 
0.199048 6.49688 0.145812 2.86617e-10 0.197468 5.31789e-10 
0.199048 6.49704 0.145812 2.8756e-10 0.197468 5.32142e-10 
0.199048 6.4972 0.145812 2.88505e-10 0.197468 5.32496e-10 
0.199048 6.49735 0.145812 2.89449e-10 0.197468 5.32849e-10 
0.199048 6.49751 0.145812 2.90395e-10 0.197468 5.33202e-10 
0.199048 6.49767 0.145812 2.9134e-10 0.197468 5.33555e-10 
0.199048 6.49783 0.145812 2.92286e-10 0.197468 5.33908e-10 
0.199048 6.49799 0.145812 2.93233e-10 0.197468 5.34261e-10 
0.199048 6.49814 0.145812 2.9418e-10 0.197468 5.34614e-10 
0.199048 6.4983 0.145812 2.95127e-10 0.197468 5.34967e-10 
0.199048 6.49846 0.145812 2.96075e-10 0.197468 5.35319e-10 
0.199048 6.49862 0.145812 2.97023e-10 0.197468 5.35672e-10 
0.199048 6.49878 0.145812 2.97971e-10 0.197468 5.36025e-10 
0.199048 6.49893 0.145812 2.98919e-10 0.197468 5.36379e-10 
0.199048 6.49909 0.145812 2.99867e-10 0.197468 5.36734e-10 
0.199048 6.49925 0.145812 3.00815e-10 0.197468 5.37089e-10 
0.199048 6.49941 0.145812 3.01763e-10 0.197468 5.37444e-10 
0.199048 6.49956 0.145812 3.02712e-10 0.197468 5.378e-10 
0.199048 6.49972 0.145812 3.0366e-10 0.197468 5.38156e-10 
0.199048 6.49988 0.145812 3.04609e-10 0.197468 5.38513e-10 
0.199048 6.50004 0.145812 3.05558e-10 0.197468 5.3887e-10 
0.199048 6.5002 0.145812 3.06508e-10 0.197468 5.39227e-10 
0.199048 6.50035 0.145812 3.07457e-10 0.197468 5.39586e-10 
0.199048 6.50051 0.145812 3.08407e-10 0.197468 5.39944e-10 
0.199048 6.50067 0.145812 3.09357e-10 0.197468 5.40303e-10 
0.199048 6.50083 0.145812 3.10307e-10 0.197468 5.40662e-10 
0.199048 6.50099 0.145812 3.11257e-10 0.197468 5.41022e-10 
0.199048 6.50114 0.145812 3.12208e-10 0.197468 5.41383e-10 
0.199048 6.5013 0.145812 3.13159e-10 0.197468 5.41743e-10 
0.199048 6.50146 0.145812 3.14111e-10 0.197468 5.42104e-10 
0.199048 6.50162 0.145812 3.15063e-10 0.197468 5.42465e-10 
0.199048 6.50177 0.145812 3.16015e-10 0.197468 5.42826e-10 
0.199048 6.50193 0.145812 3.16968e-10 0.197468 5.43188e-10 
0.199048 6.50209 0.145812 3.17921e-10 0.197468 5.43549e-10 
0.199048 6.50225 0.145812 3.18874e-10 0.197468 5.43911e-10 
0.199048 6.50241 0.145812 3.19828e-10 0.197468 5.44273e-10 
0.199048 6.50256 0.145812 3.20782e-10 0.197468 5.44635e-10 
0.199048 6.50272 0.145812 3.21736e-10 0.197468 5.44997e-10 
0.199048 6.50288 0.145812 3.22691e-10 0.197468 5.4536e-10 
0.199048 6.50304 0.145812 3.23646e-10 0.197468 5.45722e-10 
0.199048 6.50319 0.145812 3.24601e-10 0.197468 5.46085e-10 
0.199048 6.50335 0.145812 3.25557e-10 0.197468 5.46448e-10 
0.199048 6.50351 0.145812 3.26513e-10 0.197468 5.46811e-10 
0.199048 6.50367 0.145812 3.27469e-10 0.197468 5.47175e-10 
0.199048 6.50383 0.145812 3.28426e-10 0.197468 5.47539e-10 
0.199048 6.50398 0.145812 3.29382e-10 0.197468 5.47902e-10 
0.199048 6.50414 0.145812 3.30339e-10 0.197468 5.48266e-10 
0.199048 6.5043 0.145812 3.31295e-10 0.197468 5.48629e-10 
0.199048 6.50446 0.145812 3.32252e-10 0.197468 5.48993e-10 
0.199048 6.50462 0.145812 3.33209e-10 0.197468 5.49356e-10 
0.199048 6.50477 0.145812 3.34166e-10 0.197468 5.49719e-10 
0.199048 6.50493 0.145812 3.35124e-10 0.197468 5.50083e-10 
0.199048 6.50509 0.145812 3.36081e-10 0.197468 5.50446e-10 
0.199048 6.50525 0.145812 3.37039e-10 0.197468 5.50808e-10 
0.199048 6.5054 0.145812 3.37998e-10 0.197468 5.51171e-10 
0.199048 6.50556 0.145812 3.38956e-10 0.197468 5.51534e-10 
0.199048 6.50572 0.145812 3.39915e-10 0.197468 5.51897e-10 
0.199048 6.50588 0.145812 3.40874e-10 0.197468 5.5226e-10 
0.199048 6.50604 0.145812 3.41834e-10 0.197468 5.52623e-10 
0.199048 6.50619 0.145812 3.42794e-10 0.197468 5.52986e-10 
0.199048 6.50635 0.145812 3.43754e-10 0.197468 5.53349e-10 
0.199048 6.50651 0.145812 3.44715e-10 0.197468 5.53712e-10 
0.199048 6.50667 0.145812 3.45677e-10 0.197468 5.54076e-10 
0.199048 6.50682 0.145812 3.46638e-10 0.197468 5.5444e-10 
0.199048 6.50698 0.145812 3.47601e-10 0.197468 5.54804e-10 
0.199048 6.50714 0.145812 3.48563e-10 0.197468 5.55168e-10 
0.199048 6.5073 0.145812 3.49526e-10 0.197468 5.55532e-10 
0.199048 6.50746 0.145812 3.5049e-10 0.197468 5.55897e-10 
0.199048 6.50761 0.145812 3.51453e-10 0.197468 5.56262e-10 
0.199048 6.50777 0.145812 3.52417e-10 0.197468 5.56627e-10 
0.199048 6.50793 0.145812 3.53381e-10 0.197468 5.56993e-10 
0.199048 6.50809 0.145812 3.54346e-10 0.197468 5.57359e-10 
0.199048 6.50825 0.145812 3.5531e-10 0.197468 5.57725e-10 
0.199048 6.5084 0.145812 3.56275e-10 0.197468 5.58092e-10 
0.199048 6.50856 0.145812 3.5724e-10 0.197468 5.58459e-10 
0.199048 6.50872 0.145812 3.58206e-10 0.197468 5.58826e-10 
0.199048 6.50888 0.145812 3.59171e-10 0.197468 5.59194e-10 
0.199048 6.50903 0.145812 3.60137e-10 0.197468 5.59561e-10 
0.199048 6.50919 0.145812 3.61104e-10 0.197468 5.5993e-10 
0.199048 6.50935 0.145812 3.62071e-10 0.197468 5.60298e-10 
0.199048 6.50951 0.145812 3.63038e-10 0.197468 5.60667e-10 
0.199048 6.50967 0.145812 3.64005e-10 0.197468 5.61037e-10 
0.199048 6.50982 0.145812 3.64972e-10 0.197468 5.61406e-10 
0.199048 6.50998 0.145812 3.6594e-10 0.197468 5.61776e-10 
0.199048 6.51014 0.145812 3.66908e-10 0.197468 5.62146e-10 
0.199048 6.5103 0.145812 3.67877e-10 0.197468 5.62517e-10 
0.199048 6.51046 0.145812 3.68847e-10 0.197468 5.62883e-10 
0.199048 6.51061 0.145812 3.69818e-10 0.197468 5.6325e-10 
0.199048 6.51077 0.145812 3.70789e-10 0.197468 5.63616e-10 
0.199048 6.51093 0.145812 3.7176e-10 0.197468 5.63984e-10 
0.199048 6.51109 0.145812 3.72731e-10 0.197468 5.64352e-10 
0.199048 6.51124 0.145812 3.73703e-10 0.197468 5.6472e-10 
0.199048 6.5114 0.145812 3.74675e-10 0.197468 5.65089e-10 
0.199048 6.51156 0.145812 3.75648e-10 0.197468 5.65458e-10 
0.199048 6.51172 0.145812 3.76622e-10 0.197468 5.65828e-10 
0.199048 6.51188 0.145812 3.77596e-10 0.197468 5.662e-10 
0.199048 6.51203 0.145812 3.78571e-10 0.197468 5.66573e-10 
0.199048 6.51219 0.145812 3.79545e-10 0.197468 5.66948e-10 
0.199048 6.51235 0.145812 3.8052e-10 0.197468 5.67323e-10 
0.199048 6.51251 0.145812 3.81495e-10 0.197468 5.67699e-10 
0.199048 6.51266 0.145812 3.8247e-10 0.197468 5.68076e-10 
0.199048 6.51282 0.145812 3.83445e-10 0.197468 5.68453e-10 
0.199048 6.51298 0.145812 3.8442e-10 0.197468 5.6883e-10 
0.199048 6.51314 0.145812 3.85395e-10 0.197468 5.69207e-10 
0.199048 6.5133 0.145812 3.86369e-10 0.197468 5.69585e-10 
0.199048 6.51345 0.145812 3.87343e-10 0.197468 5.69963e-10 
0.199048 6.51361 0.145812 3.88317e-10 0.197468 5.70341e-10 
0.199048 6.51377 0.145812 3.89291e-10 0.197468 5.70719e-10 
0.199048 6.51393 0.145812 3.90265e-10 0.197468 5.71097e-10 
0.199048 6.51409 0.145812 3.9124e-10 0.197468 5.71474e-10 
0.199048 6.51424 0.145812 3.92214e-10 0.197468 5.7185e-10 
0.199048 6.5144 0.145812 3.93188e-10 0.197468 5.72226e-10 
0.199048 6.51456 0.145812 3.94162e-10 0.197468 5.72602e-10 
0.199048 6.51472 0.145812 3.95136e-10 0.197468 5.72977e-10 
0.199048 6.51487 0.145812 3.9611e-10 0.197468 5.73352e-10 
0.199048 6.51503 0.145812 3.97084e-10 0.197468 5.73727e-10 
0.199048 6.51519 0.145812 3.98058e-10 0.197468 5.74101e-10 
0.199048 6.51535 0.145812 3.99032e-10 0.197468 5.74474e-10 
0.199048 6.51551 0.145812 4.00007e-10 0.197468 5.74848e-10 
0.199048 6.51566 0.145812 4.00981e-10 0.197468 5.75222e-10 
0.199048 6.51582 0.145812 4.01956e-10 0.197468 5.75596e-10 
0.199048 6.51598 0.145812 4.0293e-10 0.197468 5.7597e-10 
0.199048 6.51614 0.145812 4.03905e-10 0.197468 5.76344e-10 
0.199048 6.51629 0.145812 4.04879e-10 0.197468 5.76717e-10 
0.199048 6.51645 0.145812 4.05854e-10 0.197468 5.77091e-10 
0.199048 6.51661 0.145812 4.06828e-10 0.197468 5.77464e-10 
0.199048 6.51677 0.145812 4.07803e-10 0.197468 5.77837e-10 
0.199048 6.51693 0.145812 4.08777e-10 0.197468 5.7821e-10 
0.199048 6.51708 0.145812 4.09751e-10 0.197468 5.78583e-10 
0.199048 6.51724 0.145812 4.10726e-10 0.197468 5.78955e-10 
0.199048 6.5174 0.145812 4.117e-10 0.197468 5.79328e-10 
0.199048 6.51756 0.145812 4.12674e-10 0.197468 5.797e-10 
0.199048 6.51772 0.145812 4.13649e-10 0.197468 5.80073e-10 
0.199048 6.51787 0.145812 4.14623e-10 0.197468 5.80445e-10 
0.199048 6.51803 0.145812 4.15597e-10 0.197468 5.80817e-10 
0.199048 6.51819 0.145812 4.16571e-10 0.197468 5.81189e-10 
0.199048 6.51835 0.145812 4.17545e-10 0.197468 5.81561e-10 
0.199048 6.5185 0.145812 4.18519e-10 0.197468 5.81932e-10 
0.199048 6.51866 0.145812 4.19493e-10 0.197468 5.82304e-10 
0.199048 6.51882 0.145812 4.20467e-10 0.197468 5.82675e-10 
0.199048 6.51898 0.145812 4.21441e-10 0.197468 5.83047e-10 
0.199048 6.51914 0.145812 4.22415e-10 0.197468 5.83418e-10 
0.199048 6.51929 0.145812 4.23389e-10 0.197468 5.83789e-10 
0.199048 6.51945 0.145812 4.24362e-10 0.197468 5.84161e-10 
0.199048 6.51961 0.145812 4.25336e-10 0.197468 5.84532e-10 
0.199048 6.51977 0.145812 4.2631e-10 0.197468 5.84903e-10 
0.199048 6.51993 0.145812 4.27283e-10 0.197468 5.85275e-10 
0.199048 6.52008 0.145812 4.28256e-10 0.197468 5.85646e-10 
0.199048 6.52024 0.145812 4.2923e-10 0.197468 5.86018e-10 
0.199048 6.5204 0.145812 4.30203e-10 0.197468 5.8639e-10 
0.199048 6.52056 0.145812 4.31176e-10 0.197468 5.86762e-10 
0.199048 6.52071 0.145812 4.32149e-10 0.197468 5.87134e-10 
0.199048 6.52087 0.145812 4.33122e-10 0.197468 5.87506e-10 
0.199048 6.52103 0.145812 4.34094e-10 0.197467 5.87878e-10 
0.199048 6.52119 0.145812 4.35067e-10 0.197467 5.8825e-10 
0.199048 6.52135 0.145812 4.36039e-10 0.197467 5.88623e-10 
0.199048 6.5215 0.145812 4.37012e-10 0.197467 5.88996e-10 
0.199048 6.52166 0.145812 4.37984e-10 0.197467 5.89368e-10 
0.199048 6.52182 0.145812 4.38956e-10 0.197467 5.89741e-10 
0.199048 6.52198 0.145812 4.39927e-10 0.197467 5.90115e-10 
0.199048 6.52213 0.145812 4.40899e-10 0.197467 5.90488e-10 
0.199048 6.52229 0.145812 4.41874e-10 0.197467 5.90857e-10 
0.199048 6.52245 0.145812 4.4285e-10 0.197467 5.91223e-10 
0.199048 6.52261 0.145812 4.43828e-10 0.197467 5.91586e-10 
0.199048 6.52277 0.145812 4.44808e-10 0.197467 5.91947e-10 
0.199048 6.52292 0.145812 4.45788e-10 0.197467 5.92307e-10 
0.199048 6.52308 0.145812 4.46769e-10 0.197467 5.92666e-10 
0.199048 6.52324 0.145812 4.47751e-10 0.197467 5.93024e-10 
0.199048 6.5234 0.145812 4.48733e-10 0.197467 5.93382e-10 
0.199048 6.52356 0.145812 4.49716e-10 0.197467 5.93738e-10 
0.199048 6.52371 0.145812 4.507e-10 0.197467 5.94094e-10 
0.199048 6.52387 0.145812 4.51684e-10 0.197467 5.94449e-10 
0.199048 6.52403 0.145812 4.52669e-10 0.197467 5.94804e-10 
0.199048 6.52419 0.145812 4.53654e-10 0.197467 5.95157e-10 
0.199048 6.52434 0.145812 4.5464e-10 0.197467 5.95509e-10 
0.199048 6.5245 0.145812 4.55626e-10 0.197467 5.9586e-10 
0.199048 6.52466 0.145812 4.56614e-10 0.197467 5.9621e-10 
0.199048 6.52482 0.145812 4.57601e-10 0.197467 5.96559e-10 
0.199048 6.52498 0.145812 4.58588e-10 0.197467 5.96908e-10 
0.199048 6.52513 0.145812 4.59575e-10 0.197467 5.97256e-10 
0.199048 6.52529 0.145812 4.60562e-10 0.197467 5.97604e-10 
0.199048 6.52545 0.145812 4.61549e-10 0.197467 5.97952e-10 
0.199048 6.52561 0.145812 4.62536e-10 0.197467 5.983e-10 
0.199048 6.52576 0.145812 4.63523e-10 0.197467 5.98648e-10 
0.199048 6.52592 0.145812 4.64509e-10 0.197467 5.98997e-10 
0.199048 6.52608 0.145812 4.65496e-10 0.197467 5.99345e-10 
0.199048 6.52624 0.145812 4.66483e-10 0.197467 5.99692e-10 
0.199048 6.5264 0.145812 4.67469e-10 0.197467 6.00039e-10 
0.199048 6.52655 0.145812 4.68456e-10 0.197467 6.00387e-10 
0.199048 6.52671 0.145812 4.69443e-10 0.197467 6.00734e-10 
0.199048 6.52687 0.145812 4.7043e-10 0.197467 6.01082e-10 
0.199048 6.52703 0.145812 4.71417e-10 0.197467 6.01429e-10 
0.199048 6.52719 0.145812 4.72404e-10 0.197467 6.01777e-10 
0.199048 6.52734 0.145812 4.73391e-10 0.197467 6.02125e-10 
0.199048 6.5275 0.145812 4.74378e-10 0.197467 6.02473e-10 
0.199048 6.52766 0.145812 4.75365e-10 0.197467 6.02821e-10 
0.199048 6.52782 0.145812 4.76353e-10 0.197467 6.0317e-10 
0.199048 6.52797 0.145812 4.7734e-10 0.197467 6.03518e-10 
0.199048 6.52813 0.145812 4.78327e-10 0.197467 6.03867e-10 
0.199048 6.52829 0.145812 4.79314e-10 0.197467 6.04216e-10 
0.199048 6.52845 0.145812 4.80302e-10 0.197467 6.04565e-10 
0.199048 6.52861 0.145812 4.81289e-10 0.197467 6.04914e-10 
0.199048 6.52876 0.145812 4.82276e-10 0.197467 6.05263e-10 
0.199048 6.52892 0.145812 4.83263e-10 0.197467 6.05611e-10 
0.199048 6.52908 0.145812 4.8425e-10 0.197467 6.05959e-10 
0.199048 6.52924 0.145812 4.85238e-10 0.197467 6.06309e-10 
0.199048 6.5294 0.145812 4.86226e-10 0.197467 6.06659e-10 
0.199048 6.52955 0.145812 4.87215e-10 0.197467 6.07009e-10 
0.199048 6.52971 0.145812 4.88203e-10 0.197467 6.0736e-10 
0.199048 6.52987 0.145812 4.89191e-10 0.197467 6.07712e-10 
0.199048 6.53003 0.145812 4.9018e-10 0.197467 6.08065e-10 
0.199048 6.53018 0.145812 4.91169e-10 0.197467 6.08418e-10 
0.199048 6.53034 0.145812 4.92157e-10 0.197467 6.08771e-10 
0.199048 6.5305 0.145812 4.93145e-10 0.197467 6.09124e-10 
0.199048 6.53066 0.145812 4.94133e-10 0.197467 6.09477e-10 
0.199048 6.53082 0.145812 4.95121e-10 0.197467 6.0983e-10 
0.199048 6.53097 0.145812 4.96109e-10 0.197467 6.10183e-10 
0.199048 6.53113 0.145812 4.97097e-10 0.197467 6.10536e-10 
0.199048 6.53129 0.145812 4.98085e-10 0.197467 6.1089e-10 
0.199048 6.53145 0.145812 4.99073e-10 0.197467 6.11244e-10 
0.199048 6.5316 0.145812 5.00061e-10 0.197467 6.11597e-10 
0.199048 6.53176 0.145812 5.01049e-10 0.197467 6.11951e-10 
0.199048 6.53192 0.145812 5.02037e-10 0.197467 6.12306e-10 
0.199048 6.53208 0.145812 5.03024e-10 0.197467 6.1266e-10 
0.199048 6.53224 0.145812 5.04012e-10 0.197467 6.13015e-10 
0.199048 6.53239 0.145812 5.05e-10 0.197467 6.13369e-10 
0.199048 6.53255 0.145812 5.05987e-10 0.197467 6.13724e-10 
0.199048 6.53271 0.145812 5.06975e-10 0.197467 6.14079e-10 
0.199048 6.53287 0.145812 5.07962e-10 0.197467 6.14435e-10 
0.199048 6.53303 0.145812 5.08949e-10 0.197467 6.1479e-10 
0.199048 6.53318 0.145812 5.09937e-10 0.197467 6.15145e-10 
0.199048 6.53334 0.145812 5.10925e-10 0.197467 6.155e-10 
0.199048 6.5335 0.145812 5.11914e-10 0.197467 6.15855e-10 
0.199048 6.53366 0.145812 5.12904e-10 0.197467 6.16211e-10 
0.199048 6.53381 0.145812 5.13894e-10 0.197467 6.16566e-10 
0.199048 6.53397 0.145812 5.14886e-10 0.197467 6.16921e-10 
0.199048 6.53413 0.145812 5.15879e-10 0.197467 6.17276e-10 
0.199048 6.53429 0.145812 5.16873e-10 0.197467 6.17631e-10 
0.199048 6.53445 0.145812 5.17868e-10 0.197467 6.17985e-10 
0.199048 6.5346 0.145812 5.18864e-10 0.197467 6.1834e-10 
0.199048 6.53476 0.145812 5.19861e-10 0.197467 6.18694e-10 
0.199048 6.53492 0.145812 5.20858e-10 0.197467 6.19048e-10 
0.199048 6.53508 0.145812 5.21855e-10 0.197467 6.19402e-10 
0.199048 6.53523 0.145812 5.22853e-10 0.197467 6.19757e-10 
0.199048 6.53539 0.145812 5.23851e-10 0.197467 6.20111e-10 
0.199048 6.53555 0.145812 5.24849e-10 0.197467 6.20466e-10 
0.199048 6.53571 0.145812 5.25848e-10 0.197467 6.20821e-10 
0.199048 6.53587 0.145812 5.26847e-10 0.197467 6.21177e-10 
0.199048 6.53602 0.145812 5.27847e-10 0.197467 6.21532e-10 
0.199048 6.53618 0.145812 5.28846e-10 0.197467 6.21888e-10 
0.199048 6.53634 0.145812 5.29847e-10 0.197467 6.22244e-10 
0.199048 6.5365 0.145812 5.30847e-10 0.197467 6.226e-10 
0.199048 6.53666 0.145812 5.31848e-10 0.197467 6.22955e-10 
0.199048 6.53681 0.145812 5.3285e-10 0.197467 6.23311e-10 
0.199048 6.53697 0.145812 5.33852e-10 0.197467 6.23667e-10 
0.199048 6.53713 0.145812 5.34857e-10 0.197467 6.24022e-10 
0.199048 6.53729 0.145812 5.35865e-10 0.197467 6.24375e-10 
0.199048 6.53744 0.145812 5.36877e-10 0.197467 6.24727e-10 
0.199048 6.5376 0.145812 5.3789e-10 0.197467 6.25077e-10 
0.199048 6.53776 0.145812 5.38904e-10 0.197467 6.25428e-10 
0.199048 6.53792 0.145812 5.3992e-10 0.197467 6.25777e-10 
0.199048 6.53808 0.145812 5.40937e-10 0.197467 6.26126e-10 
0.199048 6.53823 0.145812 5.41955e-10 0.197467 6.26474e-10 
0.199048 6.53839 0.145812 5.42975e-10 0.197467 6.26822e-10 
0.199048 6.53855 0.145812 5.43995e-10 0.197467 6.27169e-10 
0.199048 6.53871 0.145812 5.45017e-10 0.197467 6.27515e-10 
0.199048 6.53887 0.145812 5.4604e-10 0.197467 6.27861e-10 
0.199048 6.53902 0.145812 5.47064e-10 0.197467 6.28207e-10 
0.199048 6.53918 0.145812 5.48089e-10 0.197467 6.28552e-10 
0.199048 6.53934 0.145812 5.49116e-10 0.197467 6.28899e-10 
0.199048 6.5395 0.145812 5.50144e-10 0.197467 6.29245e-10 
0.199048 6.53965 0.145812 5.51172e-10 0.197467 6.29591e-10 
0.199048 6.53981 0.145812 5.52201e-10 0.197467 6.29938e-10 
0.199048 6.53997 0.145812 5.5323e-10 0.197467 6.30284e-10 
0.199048 6.54013 0.145812 5.54261e-10 0.197467 6.30632e-10 
0.199048 6.54029 0.145812 5.55294e-10 0.197467 6.3098e-10 
0.199048 6.54044 0.145812 5.56327e-10 0.197467 6.31328e-10 
0.199048 6.5406 0.145812 5.57361e-10 0.197467 6.31677e-10 
0.199048 6.54076 0.145812 5.58396e-10 0.197467 6.32026e-10 
0.199048 6.54092 0.145812 5.59432e-10 0.197467 6.32375e-10 
0.199048 6.54107 0.145812 5.60469e-10 0.197467 6.32725e-10 
0.199048 6.54123 0.145812 5.61506e-10 0.197467 6.33074e-10 
0.199048 6.54139 0.145812 5.62543e-10 0.197467 6.33424e-10 
0.199048 6.54155 0.145812 5.63581e-10 0.197467 6.33774e-10 
0.199048 6.54171 0.145812 5.64617e-10 0.197467 6.34126e-10 
0.199048 6.54186 0.145812 5.6565e-10 0.197467 6.34479e-10 
0.199048 6.54202 0.145812 5.66682e-10 0.197467 6.34834e-10 
0.199048 6.54218 0.145812 5.67713e-10 0.197467 6.3519e-10 
0.199048 6.54234 0.145812 5.68743e-10 0.197467 6.35547e-10 
0.199048 6.5425 0.145812 5.69773e-10 0.197467 6.35905e-10 
0.199048 6.54265 0.145812 5.70802e-10 0.197467 6.36265e-10 
0.199048 6.54281 0.145812 5.71831e-10 0.197467 6.36626e-10 
0.199048 6.54297 0.145812 5.72858e-10 0.197467 6.36989e-10 
0.199048 6.54313 0.145812 5.73885e-10 0.197467 6.37354e-10 
0.199048 6.54328 0.145812 5.74911e-10 0.197467 6.37719e-10 
0.199048 6.54344 0.145812 5.75937e-10 0.197467 6.38086e-10 
0.199048 6.5436 0.145812 5.76961e-10 0.197467 6.38454e-10 
0.199048 6.54376 0.145812 5.77985e-10 0.197467 6.38822e-10 
0.199048 6.54392 0.145812 5.79009e-10 0.197467 6.39191e-10 
0.199048 6.54407 0.145812 5.80033e-10 0.197467 6.39561e-10 
0.199048 6.54423 0.145812 5.81057e-10 0.197467 6.3993e-10 
0.199048 6.54439 0.145812 5.82082e-10 0.197467 6.403e-10 
0.199048 6.54455 0.145812 5.83106e-10 0.197467 6.4067e-10 
0.199048 6.5447 0.145812 5.8413e-10 0.197467 6.4104e-10 
0.199048 6.54486 0.145812 5.85154e-10 0.197467 6.4141e-10 
0.199048 6.54502 0.145812 5.86179e-10 0.197467 6.4178e-10 
0.199048 6.54518 0.145812 5.87203e-10 0.197467 6.42151e-10 
0.199048 6.54534 0.145812 5.88227e-10 0.197467 6.42521e-10 
0.199048 6.54549 0.145812 5.89251e-10 0.197467 6.42892e-10 
0.199048 6.54565 0.145812 5.90275e-10 0.197467 6.43264e-10 
0.199048 6.54581 0.145812 5.913e-10 0.197467 6.43635e-10 
0.199048 6.54597 0.145812 5.92324e-10 0.197467 6.44006e-10 
0.199048 6.54613 0.145812 5.93348e-10 0.197467 6.44377e-10 
0.199048 6.54628 0.145812 5.94371e-10 0.197467 6.44749e-10 
0.199048 6.54644 0.145812 5.95396e-10 0.197467 6.4512e-10 
0.199048 6.5466 0.145812 5.96419e-10 0.197467 6.45491e-10 
0.199048 6.54676 0.145812 5.97443e-10 0.197467 6.45862e-10 
0.199048 6.54691 0.145812 5.98467e-10 0.197467 6.46233e-10 
0.199048 6.54707 0.145812 5.99491e-10 0.197467 6.46604e-10 
0.199048 6.54723 0.145812 6.00514e-10 0.197467 6.46975e-10 
0.199048 6.54739 0.145812 6.01537e-10 0.197467 6.47346e-10 
0.199048 6.54755 0.145812 6.0256e-10 0.197467 6.47716e-10 
0.199048 6.5477 0.145812 6.03583e-10 0.197467 6.48086e-10 
0.199048 6.54786 0.145812 6.04605e-10 0.197467 6.48456e-10 
0.199048 6.54802 0.145812 6.05628e-10 0.197467 6.48826e-10 
0.199048 6.54818 0.145812 6.0665e-10 0.197467 6.49197e-10 
0.199048 6.54834 0.145812 6.07672e-10 0.197467 6.49568e-10 
0.199048 6.54849 0.145812 6.08694e-10 0.197467 6.49939e-10 
0.199048 6.54865 0.145812 6.09716e-10 0.197467 6.5031e-10 
0.199048 6.54881 0.145812 6.10737e-10 0.197467 6.50681e-10 
0.199048 6.54897 0.145812 6.11758e-10 0.197467 6.51052e-10 
0.199048 6.54912 0.145812 6.12779e-10 0.197467 6.51423e-10 
0.199048 6.54928 0.145812 6.138e-10 0.197467 6.51794e-10 
0.199048 6.54944 0.145812 6.1482e-10 0.197467 6.52166e-10 
0.199048 6.5496 0.145812 6.1584e-10 0.197467 6.52538e-10 
0.199048 6.54976 0.145812 6.1686e-10 0.197467 6.52911e-10 
0.199048 6.54991 0.145812 6.17879e-10 0.197467 6.53283e-10 
0.199048 6.55007 0.145812 6.18899e-10 0.197467 6.53656e-10 
0.199048 6.55023 0.145812 6.19918e-10 0.197467 6.54029e-10 
0.199048 6.55039 0.145812 6.20937e-10 0.197467 6.54402e-10 
0.199048 6.55054 0.145812 6.21955e-10 0.197467 6.54775e-10 
0.199048 6.5507 0.145812 6.22974e-10 0.197467 6.55148e-10 
0.199048 6.55086 0.145812 6.23992e-10 0.197467 6.55521e-10 
0.199048 6.55102 0.145812 6.2501e-10 0.197467 6.55895e-10 
0.199048 6.55118 0.145812 6.26028e-10 0.197467 6.56268e-10 
0.199048 6.55133 0.145812 6.27046e-10 0.197467 6.56641e-10 
0.199048 6.55149 0.145812 6.28062e-10 0.197467 6.57015e-10 
0.199048 6.55165 0.145812 6.29078e-10 0.197467 6.57388e-10 
0.199048 6.55181 0.145812 6.30093e-10 0.197466 6.57762e-10 
0.199048 6.55197 0.145812 6.31107e-10 0.197466 6.58136e-10 
0.199048 6.55212 0.145812 6.3212e-10 0.197466 6.5851e-10 
0.199048 6.55228 0.145812 6.33134e-10 0.197466 6.58885e-10 
0.199048 6.55244 0.145812 6.34147e-10 0.197466 6.5926e-10 
0.199048 6.5526 0.145812 6.3516e-10 0.197466 6.59635e-10 
0.199048 6.55275 0.145812 6.36173e-10 0.197466 6.6001e-10 
0.199048 6.55291 0.145812 6.37185e-10 0.197466 6.60386e-10 
0.199048 6.55307 0.145812 6.38197e-10 0.197466 6.60762e-10 
0.199048 6.55323 0.145812 6.39209e-10 0.197466 6.61138e-10 
0.199048 6.55339 0.145812 6.4022e-10 0.197466 6.61515e-10 
0.199048 6.55354 0.145812 6.41232e-10 0.197466 6.61891e-10 
0.199048 6.5537 0.145812 6.42244e-10 0.197466 6.62268e-10 
0.199048 6.55386 0.145812 6.43255e-10 0.197466 6.62645e-10 
0.199048 6.55402 0.145812 6.44266e-10 0.197466 6.63022e-10 
0.199048 6.55417 0.145812 6.45277e-10 0.197466 6.634e-10 
0.199048 6.55433 0.145812 6.46289e-10 0.197466 6.63777e-10 
0.199048 6.55449 0.145812 6.473e-10 0.197466 6.64155e-10 
0.199048 6.55465 0.145812 6.48312e-10 0.197466 6.64533e-10 
0.199048 6.55481 0.145812 6.49324e-10 0.197466 6.64912e-10 
0.199048 6.55496 0.145812 6.50335e-10 0.197466 6.65291e-10 
0.199048 6.55512 0.145812 6.51347e-10 0.197466 6.65669e-10 
0.199048 6.55528 0.145812 6.52359e-10 0.197466 6.66048e-10 
0.199048 6.55544 0.145812 6.53371e-10 0.197466 6.66428e-10 
0.199048 6.5556 0.145812 6.54383e-10 0.197466 6.66807e-10 
0.199048 6.55575 0.145812 6.55395e-10 0.197466 6.67187e-10 
0.199048 6.55591 0.145812 6.56407e-10 0.197466 6.67567e-10 
0.199048 6.55607 0.145812 6.57419e-10 0.197466 6.67947e-10 
0.199048 6.55623 0.145812 6.58431e-10 0.197466 6.68327e-10 
0.199048 6.55638 0.145812 6.59443e-10 0.197466 6.68707e-10 
0.199048 6.55654 0.145812 6.60456e-10 0.197466 6.69087e-10 
0.199048 6.5567 0.145812 6.61468e-10 0.197466 6.69468e-10 
0.199048 6.55686 0.145812 6.6248e-10 0.197466 6.69849e-10 
0.199048 6.55702 0.145812 6.63491e-10 0.197466 6.7023e-10 
0.199048 6.55717 0.145812 6.64503e-10 0.197466 6.70612e-10 
0.199048 6.55733 0.145812 6.65515e-10 0.197466 6.70994e-10 
0.199048 6.55749 0.145812 6.66527e-10 0.197466 6.71376e-10 
0.199048 6.55765 0.145812 6.67538e-10 0.197466 6.71759e-10 
0.199048 6.55781 0.145812 6.6855e-10 0.197466 6.72143e-10 
0.199048 6.55796 0.145812 6.69561e-10 0.197466 6.72526e-10 
0.199048 6.55812 0.145812 6.70573e-10 0.197466 6.7291e-10 
0.199048 6.55828 0.145812 6.71584e-10 0.197466 6.73294e-10 
0.199048 6.55844 0.145812 6.72596e-10 0.197466 6.73679e-10 
0.199048 6.55859 0.145812 6.73607e-10 0.197466 6.74063e-10 
0.199048 6.55875 0.145812 6.74619e-10 0.197466 6.74447e-10 
0.199048 6.55891 0.145812 6.7563e-10 0.197466 6.74832e-10 
0.199048 6.55907 0.145812 6.76642e-10 0.197466 6.75216e-10 
0.199048 6.55923 0.145812 6.77654e-10 0.197466 6.75602e-10 
0.199048 6.55938 0.145812 6.78665e-10 0.197466 6.75987e-10 
0.199048 6.55954 0.145812 6.79676e-10 0.197466 6.76373e-10 
0.199048 6.5597 0.145812 6.80688e-10 0.197466 6.7676e-10 
0.199048 6.55986 0.145812 6.81698e-10 0.197466 6.77147e-10 
0.199048 6.56001 0.145812 6.8271e-10 0.197466 6.77535e-10 
0.199048 6.56017 0.145812 6.83721e-10 0.197466 6.77922e-10 
0.199048 6.56033 0.145812 6.84733e-10 0.197466 6.7831e-10 
0.199048 6.56049 0.145812 6.85745e-10 0.197466 6.78697e-10 
0.199048 6.56065 0.145812 6.86756e-10 0.197466 6.79084e-10 
0.199048 6.5608 0.145812 6.87768e-10 0.197466 6.79472e-10 
0.199048 6.56096 0.145812 6.88779e-10 0.197466 6.79861e-10 
0.199048 6.56112 0.145812 6.8979e-10 0.197466 6.80249e-10 
0.199048 6.56128 0.145812 6.90801e-10 0.197466 6.80637e-10 
0.199048 6.56144 0.145812 6.91812e-10 0.197466 6.81025e-10 
0.199048 6.56159 0.145812 6.92823e-10 0.197466 6.81413e-10 
0.199048 6.56175 0.145812 6.93834e-10 0.197466 6.81801e-10 
0.199048 6.56191 0.145812 6.94845e-10 0.197466 6.8219e-10 
0.199048 6.56207 0.145812 6.95855e-10 0.197466 6.82579e-10 
0.199048 6.56222 0.145812 6.96865e-10 0.197466 6.82969e-10 
0.199048 6.56238 0.145812 6.97875e-10 0.197466 6.83361e-10 
0.199048 6.56254 0.145812 6.98885e-10 0.197466 6.83753e-10 
0.199048 6.5627 0.145812 6.99894e-10 0.197466 6.84146e-10 
0.199048 6.56286 0.145812 7.00904e-10 0.197466 6.84539e-10 
0.199048 6.56301 0.145812 7.01913e-10 0.197466 6.84933e-10 
0.199048 6.56317 0.145812 7.02922e-10 0.197466 6.85328e-10 
0.199048 6.56333 0.145812 7.0393e-10 0.197466 6.85723e-10 
0.199048 6.56349 0.145812 7.04939e-10 0.197466 6.86119e-10 
0.199048 6.56364 0.145812 7.05948e-10 0.197466 6.86515e-10 
0.199048 6.5638 0.145812 7.06956e-10 0.197466 6.86911e-10 
0.199048 6.56396 0.145812 7.07965e-10 0.197466 6.87308e-10 
0.199048 6.56412 0.145812 7.08973e-10 0.197466 6.87705e-10 
0.199048 6.56428 0.145812 7.09982e-10 0.197466 6.88102e-10 
0.199048 6.56443 0.145812 7.1099e-10 0.197466 6.88499e-10 
0.199048 6.56459 0.145812 7.11998e-10 0.197466 6.88896e-10 
0.199048 6.56475 0.145812 7.13007e-10 0.197466 6.89294e-10 
0.199048 6.56491 0.145812 7.14015e-10 0.197466 6.89692e-10 
0.199048 6.56507 0.145812 7.15023e-10 0.197466 6.9009e-10 
0.199048 6.56522 0.145812 7.16031e-10 0.197466 6.90489e-10 
0.199048 6.56538 0.145812 7.17039e-10 0.197466 6.90888e-10 
0.199048 6.56554 0.145812 7.18047e-10 0.197466 6.91286e-10 
0.199048 6.5657 0.145812 7.19056e-10 0.197466 6.91685e-10 
0.199048 6.56585 0.145812 7.20064e-10 0.197466 6.92084e-10 
0.199048 6.56601 0.145812 7.21071e-10 0.197466 6.92484e-10 
0.199048 6.56617 0.145812 7.22079e-10 0.197466 6.92884e-10 
0.199048 6.56633 0.145812 7.23086e-10 0.197466 6.93284e-10 
0.199048 6.56649 0.145812 7.24094e-10 0.197466 6.93684e-10 
0.199048 6.56664 0.145812 7.25101e-10 0.197466 6.94085e-10 
0.199048 6.5668 0.145812 7.26109e-10 0.197466 6.94486e-10 
0.199048 6.56696 0.145812 7.27116e-10 0.197466 6.94887e-10 
0.199048 6.56712 0.145812 7.28124e-10 0.197466 6.95288e-10 
0.199048 6.56728 0.145812 7.29131e-10 0.197466 6.9569e-10 
0.199048 6.56743 0.145812 7.30138e-10 0.197466 6.96092e-10 
0.199048 6.56759 0.145812 7.31145e-10 0.197466 6.96495e-10 
0.199048 6.56775 0.145812 7.32152e-10 0.197466 6.96897e-10 
0.199048 6.56791 0.145812 7.33159e-10 0.197466 6.973e-10 
0.199048 6.56806 0.145812 7.34166e-10 0.197466 6.97703e-10 
0.199048 6.56822 0.145812 7.35173e-10 0.197466 6.98106e-10 
0.199048 6.56838 0.145812 7.36181e-10 0.197466 6.98509e-10 
0.199048 6.56854 0.145812 7.37188e-10 0.197466 6.98913e-10 
0.199048 6.5687 0.145812 7.38195e-10 0.197466 6.99316e-10 
0.199048 6.56885 0.145812 7.39202e-10 0.197466 6.9972e-10 
0.199048 6.56901 0.145812 7.40208e-10 0.197466 7.00124e-10 
0.199048 6.56917 0.145812 7.41215e-10 0.197466 7.00528e-10 
0.199048 6.56933 0.145812 7.42222e-10 0.197466 7.00933e-10 
0.199048 6.56948 0.145812 7.43228e-10 0.197466 7.01337e-10 
0.199048 6.56964 0.145812 7.44234e-10 0.197466 7.01742e-10 
0.199048 6.5698 0.145812 7.4524e-10 0.197466 7.02148e-10 
0.199048 6.56996 0.145812 7.46246e-10 0.197466 7.02553e-10 
0.199048 6.57012 0.145812 7.47252e-10 0.197466 7.02959e-10 
0.199048 6.57027 0.145812 7.48258e-10 0.197466 7.03365e-10 
0.199048 6.57043 0.145812 7.49263e-10 0.197466 7.03771e-10 
0.199048 6.57059 0.145812 7.50269e-10 0.197466 7.04178e-10 
0.199048 6.57075 0.145812 7.51274e-10 0.197466 7.04584e-10 
0.199048 6.57091 0.145812 7.5228e-10 0.197466 7.04991e-10 
0.199048 6.57106 0.145812 7.53285e-10 0.197466 7.05399e-10 
0.199048 6.57122 0.145812 7.5429e-10 0.197466 7.05806e-10 
0.199048 6.57138 0.145812 7.55295e-10 0.197466 7.06213e-10 
0.199048 6.57154 0.145812 7.56301e-10 0.197466 7.06621e-10 
0.199048 6.57169 0.145812 7.57306e-10 0.197466 7.07028e-10 
0.199048 6.57185 0.145812 7.58311e-10 0.197466 7.07436e-10 
0.199048 6.57201 0.145812 7.59317e-10 0.197466 7.07843e-10 
0.199048 6.57217 0.145812 7.60322e-10 0.197466 7.08251e-10 
0.199048 6.57233 0.145812 7.61327e-10 0.197466 7.08659e-10 
0.199048 6.57248 0.145812 7.62332e-10 0.197466 7.09067e-10 
0.199048 6.57264 0.145812 7.63337e-10 0.197466 7.09475e-10 
0.199048 6.5728 0.145812 7.64341e-10 0.197466 7.09884e-10 
0.199048 6.57296 0.145812 7.65346e-10 0.197466 7.10293e-10 
0.199048 6.57311 0.145812 7.6635e-10 0.197466 7.10703e-10 
0.199048 6.57327 0.145812 7.67354e-10 0.197466 7.11112e-10 
0.199048 6.57343 0.145812 7.68358e-10 0.197466 7.11522e-10 
0.199048 6.57359 0.145812 7.69361e-10 0.197466 7.11932e-10 
0.199048 6.57375 0.145812 7.70365e-10 0.197466 7.12343e-10 
0.199048 6.5739 0.145812 7.71368e-10 0.197466 7.12753e-10 
0.199048 6.57406 0.145812 7.72371e-10 0.197466 7.13164e-10 
0.199048 6.57422 0.145812 7.73374e-10 0.197466 7.13576e-10 
0.199048 6.57438 0.145812 7.74378e-10 0.197466 7.13988e-10 
0.199048 6.57454 0.145812 7.7538e-10 0.197466 7.144e-10 
0.199048 6.57469 0.145812 7.76383e-10 0.197466 7.14812e-10 
0.199048 6.57485 0.145812 7.77385e-10 0.197466 7.15225e-10 
0.199048 6.57501 0.145812 7.78388e-10 0.197466 7.15637e-10 
0.199048 6.57517 0.145812 7.7939e-10 0.197466 7.16051e-10 
0.199048 6.57532 0.145812 7.80392e-10 0.197466 7.16464e-10 
0.199048 6.57548 0.145812 7.81394e-10 0.197466 7.16878e-10 
0.199048 6.57564 0.145812 7.82396e-10 0.197466 7.17292e-10 
0.199048 6.5758 0.145812 7.83397e-10 0.197466 7.17706e-10 
0.199048 6.57596 0.145812 7.84399e-10 0.197466 7.18121e-10 
0.199048 6.57611 0.145812 7.854e-10 0.197466 7.18536e-10 
0.199048 6.57627 0.145812 7.86401e-10 0.197466 7.18951e-10 
0.199048 6.57643 0.145812 7.87402e-10 0.197466 7.19367e-10 
0.199048 6.57659 0.145812 7.88402e-10 0.197466 7.19783e-10 
0.199048 6.57675 0.145812 7.89403e-10 0.197466 7.20199e-10 
0.199048 6.5769 0.145812 7.90404e-10 0.197466 7.20615e-10 
0.199048 6.57706 0.145812 7.91404e-10 0.197466 7.21031e-10 
0.199048 6.57722 0.145812 7.92404e-10 0.197466 7.21448e-10 
0.199048 6.57738 0.145812 7.93405e-10 0.197466 7.21864e-10 
0.199048 6.57753 0.145812 7.94405e-10 0.197466 7.2228e-10 
0.199048 6.57769 0.145812 7.95405e-10 0.197466 7.22697e-10 
0.199048 6.57785 0.145812 7.96405e-10 0.197466 7.23114e-10 
0.199048 6.57801 0.145812 7.97404e-10 0.197466 7.23531e-10 
0.199048 6.57817 0.145812 7.98404e-10 0.197466 7.23948e-10 
0.199048 6.57832 0.145812 7.99404e-10 0.197466 7.24365e-10 
0.199048 6.57848 0.145812 8.00403e-10 0.197466 7.24782e-10 
0.199048 6.57864 0.145812 8.01402e-10 0.197466 7.252e-10 
0.199048 6.5788 0.145812 8.02402e-10 0.197466 7.25617e-10 
0.199048 6.57895 0.145812 8.03401e-10 0.197466 7.26035e-10 
0.199048 6.57911 0.145812 8.044e-10 0.197466 7.26453e-10 
0.199048 6.57927 0.145812 8.05399e-10 0.197466 7.26872e-10 
0.199048 6.57943 0.145812 8.06398e-10 0.197466 7.2729e-10 
0.199048 6.57959 0.145812 8.07396e-10 0.197466 7.27708e-10 
0.199048 6.57974 0.145812 8.08395e-10 0.197466 7.28127e-10 
0.199048 6.5799 0.145812 8.09394e-10 0.197466 7.28545e-10 
0.199048 6.58006 0.145812 8.10392e-10 0.197466 7.28964e-10 
0.199048 6.58022 0.145812 8.11391e-10 0.197466 7.29383e-10 
0.199048 6.58038 0.145812 8.12389e-10 0.197466 7.29802e-10 
0.199048 6.58053 0.145812 8.13388e-10 0.197466 7.30221e-10 
0.199048 6.58069 0.145812 8.14386e-10 0.197466 7.3064e-10 
0.199048 6.58085 0.145812 8.15385e-10 0.197466 7.3106e-10 
0.199048 6.58101 0.145812 8.16383e-10 0.197466 7.31479e-10 
0.199048 6.58116 0.145812 8.17381e-10 0.197466 7.31899e-10 
0.199048 6.58132 0.145812 8.1838e-10 0.197466 7.32318e-10 
0.199048 6.58148 0.145812 8.19378e-10 0.197466 7.32738e-10 
0.199048 6.58164 0.145812 8.20377e-10 0.197466 7.33158e-10 
0.199048 6.5818 0.145812 8.21375e-10 0.197466 7.33578e-10 
0.199048 6.58195 0.145812 8.22373e-10 0.197466 7.33998e-10 
0.199048 6.58211 0.145812 8.23372e-10 0.197466 7.34419e-10 
0.199048 6.58227 0.145812 8.2437e-10 0.197466 7.34839e-10 
0.199048 6.58243 0.145812 8.25368e-10 0.197465 7.3526e-10 
0.199048 6.58258 0.145812 8.26366e-10 0.197465 7.35681e-10 
0.199048 6.58274 0.145812 8.27365e-10 0.197465 7.36102e-10 
0.199048 6.5829 0.145812 8.28363e-10 0.197465 7.36522e-10 
0.199048 6.58306 0.145812 8.29362e-10 0.197465 7.36943e-10 
0.199048 6.58322 0.145812 8.3036e-10 0.197465 7.37364e-10 
0.199048 6.58337 0.145812 8.31359e-10 0.197465 7.37785e-10 
0.199048 6.58353 0.145812 8.32358e-10 0.197465 7.38206e-10 
0.199048 6.58369 0.145812 8.33356e-10 0.197465 7.38627e-10 
0.199048 6.58385 0.145812 8.34355e-10 0.197465 7.39049e-10 
0.199048 6.58401 0.145812 8.35353e-10 0.197465 7.3947e-10 
0.199048 6.58416 0.145812 8.36351e-10 0.197465 7.3989e-10 
0.199048 6.58432 0.145812 8.37348e-10 0.197465 7.4031e-10 
0.199048 6.58448 0.145812 8.38345e-10 0.197465 7.4073e-10 
0.199048 6.58464 0.145812 8.39342e-10 0.197465 7.4115e-10 
0.199048 6.58479 0.145812 8.40339e-10 0.197465 7.4157e-10 
0.199048 6.58495 0.145812 8.41336e-10 0.197465 7.41989e-10 
0.199048 6.58511 0.145812 8.42332e-10 0.197465 7.42409e-10 
0.199048 6.58527 0.145812 8.43328e-10 0.197465 7.42829e-10 
0.199048 6.58543 0.145812 8.44324e-10 0.197465 7.43249e-10 
0.199048 6.58558 0.145812 8.4532e-10 0.197465 7.43669e-10 
0.199048 6.58574 0.145812 8.46316e-10 0.197465 7.44089e-10 
0.199048 6.5859 0.145812 8.47312e-10 0.197465 7.4451e-10 
0.199048 6.58606 0.145812 8.48307e-10 0.197465 7.44931e-10 
0.199048 6.58622 0.145812 8.49302e-10 0.197465 7.45352e-10 
0.199048 6.58637 0.145812 8.50297e-10 0.197465 7.45774e-10 
0.199048 6.58653 0.145812 8.51292e-10 0.197465 7.46195e-10 
0.199048 6.58669 0.145812 8.52286e-10 0.197465 7.46617e-10 
0.199048 6.58685 0.145812 8.53281e-10 0.197465 7.4704e-10 
0.199048 6.587 0.145812 8.54275e-10 0.197465 7.47462e-10 
0.199048 6.58716 0.145812 8.55269e-10 0.197465 7.47885e-10 
0.199048 6.58732 0.145812 8.56263e-10 0.197465 7.48308e-10 
0.199048 6.58748 0.145812 8.57257e-10 0.197465 7.48731e-10 
0.199048 6.58764 0.145812 8.5825e-10 0.197465 7.49155e-10 
0.199048 6.58779 0.145812 8.59243e-10 0.197465 7.49578e-10 
0.199048 6.58795 0.145812 8.60236e-10 0.197465 7.50002e-10 
0.199048 6.58811 0.145812 8.61229e-10 0.197465 7.50426e-10 
0.199048 6.58827 0.145812 8.62222e-10 0.197465 7.50851e-10 
0.199048 6.58842 0.145812 8.63215e-10 0.197465 7.51276e-10 
0.199048 6.58858 0.145812 8.64207e-10 0.197465 7.51701e-10 
0.199048 6.58874 0.145812 8.65199e-10 0.197465 7.52126e-10 
0.199048 6.5889 0.145812 8.66191e-10 0.197465 7.52551e-10 
0.199048 6.58906 0.145812 8.67183e-10 0.197465 7.52977e-10 
0.199048 6.58921 0.145812 8.68174e-10 0.197465 7.53402e-10 
0.199048 6.58937 0.145812 8.69164e-10 0.197465 7.53828e-10 
0.199048 6.58953 0.145812 8.70155e-10 0.197465 7.54253e-10 
0.199048 6.58969 0.145812 8.71145e-10 0.197465 7.54679e-10 
0.199048 6.58985 0.145812 8.72134e-10 0.197465 7.55105e-10 
0.199048 6.59 0.145812 8.73125e-10 0.197465 7.55531e-10 
0.199048 6.59016 0.145812 8.74114e-10 0.197465 7.55957e-10 
0.199048 6.59032 0.145812 8.75104e-10 0.197465 7.56383e-10 
0.199048 6.59048 0.145812 8.76093e-10 0.197465 7.5681e-10 
0.199048 6.59063 0.145812 8.77082e-10 0.197465 7.57236e-10 
0.199048 6.59079 0.145812 8.7807e-10 0.197465 7.57663e-10 
0.199048 6.59095 0.145812 8.79059e-10 0.197465 7.58091e-10 
0.199048 6.59111 0.145812 8.80049e-10 0.197465 7.58519e-10 
0.199048 6.59127 0.145812 8.81039e-10 0.197465 7.58948e-10 
0.199048 6.59142 0.145812 8.8203e-10 0.197465 7.59379e-10 
0.199048 6.59158 0.145812 8.8302e-10 0.197465 7.59809e-10 
0.199048 6.59174 0.145812 8.84011e-10 0.197465 7.60241e-10 
0.199048 6.5919 0.145812 8.85002e-10 0.197465 7.60672e-10 
0.199048 6.59205 0.145812 8.85993e-10 0.197465 7.61105e-10 
0.199048 6.59221 0.145812 8.86984e-10 0.197465 7.61538e-10 
0.199048 6.59237 0.145812 8.87976e-10 0.197465 7.61971e-10 
0.199048 6.59253 0.145812 8.88967e-10 0.197465 7.62405e-10 
0.199048 6.59269 0.145812 8.89959e-10 0.197465 7.62839e-10 
0.199048 6.59284 0.145812 8.90951e-10 0.197465 7.63274e-10 
0.199048 6.593 0.145812 8.91943e-10 0.197465 7.63709e-10 
0.199048 6.59316 0.145812 8.92935e-10 0.197465 7.64144e-10 
0.199048 6.59332 0.145812 8.93927e-10 0.197465 7.6458e-10 
0.199048 6.59348 0.145812 8.9492e-10 0.197465 7.65016e-10 
0.199048 6.59363 0.145812 8.95913e-10 0.197465 7.65452e-10 
0.199048 6.59379 0.145812 8.96906e-10 0.197465 7.65888e-10 
0.199048 6.59395 0.145812 8.979e-10 0.197465 7.66324e-10 
0.199048 6.59411 0.145812 8.98894e-10 0.197465 7.66761e-10 
0.199048 6.59426 0.145812 8.99889e-10 0.197465 7.67198e-10 
0.199048 6.59442 0.145812 9.00884e-10 0.197465 7.67635e-10 
0.199048 6.59458 0.145812 9.01879e-10 0.197465 7.68073e-10 
0.199048 6.59474 0.145812 9.02875e-10 0.197465 7.6851e-10 
0.199048 6.5949 0.145812 9.03871e-10 0.197465 7.68948e-10 
0.199048 6.59505 0.145812 9.04868e-10 0.197465 7.69386e-10 
0.199048 6.59521 0.145812 9.05864e-10 0.197465 7.69824e-10 
0.199048 6.59537 0.145812 9.06862e-10 0.197465 7.70261e-10 
0.199048 6.59553 0.145812 9.0786e-10 0.197465 7.70699e-10 
0.199048 6.59569 0.145812 9.08858e-10 0.197465 7.71137e-10 
0.199048 6.59584 0.145812 9.09857e-10 0.197465 7.71576e-10 
0.199048 6.596 0.145812 9.10856e-10 0.197465 7.72014e-10 
0.199048 6.59616 0.145812 9.11855e-10 0.197465 7.72453e-10 
0.199048 6.59632 0.145812 9.12855e-10 0.197465 7.72893e-10 
0.199048 6.59647 0.145812 9.13855e-10 0.197465 7.73333e-10 
0.199048 6.59663 0.145812 9.14855e-10 0.197465 7.73773e-10 
0.199048 6.59679 0.145812 9.15856e-10 0.197465 7.74214e-10 
0.199048 6.59695 0.145812 9.16857e-10 0.197465 7.74655e-10 
0.199048 6.59711 0.145812 9.17858e-10 0.197465 7.75097e-10 
0.199048 6.59726 0.145812 9.18859e-10 0.197465 7.75539e-10 
0.199048 6.59742 0.145812 9.1986e-10 0.197465 7.75982e-10 
0.199048 6.59758 0.145812 9.20862e-10 0.197465 7.76425e-10 
0.199048 6.59774 0.145812 9.21864e-10 0.197465 7.76868e-10 
0.199048 6.59789 0.145812 9.22866e-10 0.197465 7.77311e-10 
0.199048 6.59805 0.145812 9.23868e-10 0.197465 7.77755e-10 
0.199048 6.59821 0.145812 9.2487e-10 0.197465 7.782e-10 
0.199048 6.59837 0.145812 9.25873e-10 0.197465 7.78644e-10 
0.199048 6.59853 0.145812 9.26876e-10 0.197465 7.79089e-10 
0.199048 6.59868 0.145812 9.27879e-10 0.197465 7.79533e-10 
0.199048 6.59884 0.145812 9.28882e-10 0.197465 7.79979e-10 
0.199048 6.599 0.145812 9.29886e-10 0.197465 7.80424e-10 
0.199048 6.59916 0.145812 9.30889e-10 0.197465 7.80869e-10 
0.199048 6.59932 0.145812 9.31893e-10 0.197465 7.81315e-10 
0.199048 6.59947 0.145812 9.32897e-10 0.197465 7.8176e-10 
0.199048 6.59963 0.145812 9.33901e-10 0.197465 7.82206e-10 
0.199048 6.59979 0.145812 9.34906e-10 0.197465 7.82652e-10 
0.199048 6.59995 0.145812 9.35912e-10 0.197465 7.83097e-10 
0.199048 6.6001 0.145812 9.36919e-10 0.197465 7.83541e-10 
0.199048 6.60026 0.145812 9.37928e-10 0.197465 7.83984e-10 
0.199048 6.60042 0.145812 9.38939e-10 0.197465 7.84427e-10 
0.199048 6.60058 0.145812 9.3995e-10 0.197465 7.84868e-10 
0.199048 6.60074 0.145812 9.40963e-10 0.197465 7.85309e-10 
0.199048 6.60089 0.145812 9.41975e-10 0.197465 7.8575e-10 
0.199048 6.60105 0.145812 9.42993e-10 0.197465 7.86188e-10 
0.199048 6.60121 0.145812 9.44019e-10 0.197465 7.86622e-10 
0.199048 6.60137 0.145812 9.4505e-10 0.197465 7.87053e-10 
0.199048 6.60152 0.145812 9.46086e-10 0.197465 7.87482e-10 
0.199048 6.60168 0.145812 9.47127e-10 0.197465 7.87907e-10 
0.199048 6.60184 0.145812 9.48172e-10 0.197465 7.88329e-10 
0.199048 6.602 0.145812 9.49218e-10 0.197465 7.8875e-10 
0.199048 6.60216 0.145812 9.50267e-10 0.197465 7.89169e-10 
0.199048 6.60231 0.145812 9.5069e-10 0.197465 7.89389e-10 
0.199048 6.60247 0.145812 9.50399e-10 0.197465 7.89381e-10 
0.199048 6.60263 0.145812 9.50111e-10 0.197465 7.89372e-10 
0.199048 6.60279 0.145812 9.49824e-10 0.197465 7.89362e-10 
0.199048 6.60295 0.145812 9.49539e-10 0.197465 7.89351e-10 
0.199048 6.6031 0.145812 9.49257e-10 0.197465 7.8934e-10 
0.199048 6.60326 0.145812 9.48975e-10 0.197465 7.89327e-10 
0.199048 6.60342 0.145812 9.48696e-10 0.197465 7.89314e-10 
0.199048 6.60358 0.145812 9.48418e-10 0.197465 7.89301e-10 
0.199048 6.60373 0.145812 9.48142e-10 0.197465 7.89287e-10 
0.199048 6.60389 0.145812 9.47867e-10 0.197465 7.89272e-10 
0.199048 6.60405 0.145812 9.47594e-10 0.197465 7.89257e-10 
0.199048 6.60421 0.145812 9.47322e-10 0.197465 7.89242e-10 
0.199048 6.60437 0.145812 9.47052e-10 0.197465 7.89225e-10 
0.199048 6.60452 0.145812 9.46784e-10 0.197465 7.89209e-10 
0.199048 6.60468 0.145812 9.46516e-10 0.197465 7.89191e-10 
0.199048 6.60484 0.145812 9.46251e-10 0.197465 7.89174e-10 
0.199048 6.605 0.145812 9.45986e-10 0.197465 7.89155e-10 
0.199048 6.60515 0.145812 9.45723e-10 0.197465 7.89137e-10 
0.199048 6.60531 0.145812 9.45462e-10 0.197465 7.89118e-10 
0.199048 6.60547 0.145812 9.45201e-10 0.197465 7.89098e-10 
0.199048 6.60563 0.145812 9.44942e-10 0.197465 7.89078e-10 
0.199048 6.60579 0.145812 9.44685e-10 0.197465 7.89058e-10 
0.199048 6.60594 0.145812 9.44428e-10 0.197465 7.89037e-10 
0.199048 6.6061 0.145812 9.44173e-10 0.197465 7.89016e-10 
0.199048 6.60626 0.145812 9.43919e-10 0.197465 7.88995e-10 
0.199048 6.60642 0.145812 9.43666e-10 0.197465 7.88973e-10 
0.199048 6.60658 0.145812 9.43414e-10 0.197465 7.88951e-10 
0.199048 6.60673 0.145812 9.43163e-10 0.197465 7.88929e-10 
0.199048 6.60689 0.145812 9.42914e-10 0.197465 7.88907e-10 
0.199048 6.60705 0.145812 9.42665e-10 0.197465 7.88884e-10 
0.199048 6.60721 0.145812 9.42418e-10 0.197465 7.88861e-10 
0.199048 6.60736 0.145812 9.42171e-10 0.197465 7.88838e-10 
0.199048 6.60752 0.145812 9.41926e-10 0.197465 7.88814e-10 
0.199048 6.60768 0.145812 9.41682e-10 0.197465 7.88791e-10 
0.199048 6.60784 0.145812 9.41439e-10 0.197465 7.88767e-10 
0.199048 6.608 0.145812 9.41196e-10 0.197465 7.88743e-10 
0.199048 6.60815 0.145812 9.40955e-10 0.197465 7.88719e-10 
0.199048 6.60831 0.145812 9.40715e-10 0.197465 7.88694e-10 
0.199048 6.60847 0.145812 9.40475e-10 0.197465 7.8867e-10 
0.199048 6.60863 0.145812 9.40236e-10 0.197465 7.88645e-10 
0.199048 6.60879 0.145812 9.39999e-10 0.197465 7.88621e-10 
0.199048 6.60894 0.145812 9.39762e-10 0.197465 7.88596e-10 
0.199048 6.6091 0.145812 9.39526e-10 0.197465 7.88572e-10 
0.199048 6.60926 0.145812 9.39292e-10 0.197465 7.88548e-10 
0.199048 6.60942 0.145812 9.39058e-10 0.197465 7.88524e-10 
0.199048 6.60957 0.145812 9.38825e-10 0.197465 7.885e-10 
0.199048 6.60973 0.145812 9.38594e-10 0.197465 7.88477e-10 
0.199048 6.60989 0.145812 9.38363e-10 0.197465 7.88454e-10 
0.199048 6.61005 0.145812 9.38127e-10 0.197465 7.88434e-10 
0.199048 6.61021 0.145812 9.37887e-10 0.197465 7.88416e-10 
0.199048 6.61036 0.145812 9.37645e-10 0.197465 7.88401e-10 
0.199048 6.61052 0.145812 9.37401e-10 0.197465 7.88388e-10 
0.199048 6.61068 0.145812 9.37156e-10 0.197465 7.88376e-10 
0.199048 6.61084 0.145812 9.36909e-10 0.197465 7.88366e-10 
0.199048 6.61099 0.145812 9.36661e-10 0.197465 7.88358e-10 
0.199048 6.61115 0.145812 9.36412e-10 0.197465 7.88351e-10 
0.199048 6.61131 0.145812 9.36162e-10 0.197465 7.88345e-10 
0.199048 6.61147 0.145812 9.35913e-10 0.197465 7.8834e-10 
0.199048 6.61163 0.145812 9.35664e-10 0.197465 7.88336e-10 
0.199048 6.61178 0.145812 9.35415e-10 0.197465 7.88332e-10 
0.199048 6.61194 0.145812 9.35166e-10 0.197465 7.88329e-10 
0.199048 6.6121 0.145812 9.34918e-10 0.197465 7.88327e-10 
0.199048 6.61226 0.145812 9.3467e-10 0.197465 7.88325e-10 
0.199048 6.61242 0.145812 9.34422e-10 0.197465 7.88324e-10 
0.199048 6.61257 0.145812 9.34174e-10 0.197465 7.88324e-10 
0.199048 6.61273 0.145812 9.33927e-10 0.197465 7.88324e-10 
0.199048 6.61289 0.145812 9.33679e-10 0.197465 7.88325e-10 
0.199048 6.61305 0.145812 9.33432e-10 0.197465 7.88326e-10 
0.199048 6.6132 0.145812 9.33184e-10 0.197464 7.88329e-10 
0.199048 6.61336 0.145812 9.32937e-10 0.197464 7.88331e-10 
0.199048 6.61352 0.145812 9.32689e-10 0.197464 7.88335e-10 
0.199048 6.61368 0.145812 9.32443e-10 0.197464 7.88339e-10 
0.199048 6.61384 0.145812 9.32196e-10 0.197464 7.88343e-10 
0.199048 6.61399 0.145812 9.3195e-10 0.197464 7.88348e-10 
0.199048 6.61415 0.145812 9.31703e-10 0.197464 7.88353e-10 
0.199048 6.61431 0.145812 9.31457e-10 0.197464 7.88359e-10 
0.199048 6.61447 0.145812 9.31211e-10 0.197464 7.88366e-10 
0.199048 6.61462 0.145812 9.30964e-10 0.197464 7.88374e-10 
0.199048 6.61478 0.145812 9.30718e-10 0.197464 7.88382e-10 
0.199048 6.61494 0.145812 9.30472e-10 0.197464 7.88391e-10 
0.199048 6.6151 0.145812 9.30227e-10 0.197464 7.884e-10 
0.199048 6.61526 0.145812 9.29981e-10 0.197464 7.8841e-10 
0.199048 6.61541 0.145812 9.29735e-10 0.197464 7.88421e-10 
0.199048 6.61557 0.145812 9.2949e-10 0.197464 7.88432e-10 
0.199048 6.61573 0.145812 9.29244e-10 0.197464 7.88444e-10 
0.199048 6.61589 0.145812 9.28998e-10 0.197464 7.88457e-10 
0.199048 6.61605 0.145812 9.28751e-10 0.197464 7.8847e-10 
0.199048 6.6162 0.145812 9.28505e-10 0.197464 7.88484e-10 
0.199048 6.61636 0.145812 9.28259e-10 0.197464 7.88498e-10 
0.199048 6.61652 0.145812 9.28013e-10 0.197464 7.88513e-10 
0.199048 6.61668 0.145812 9.27768e-10 0.197464 7.88528e-10 
0.199048 6.61683 0.145812 9.27524e-10 0.197464 7.88544e-10 
0.199048 6.61699 0.145812 9.2728e-10 0.197464 7.8856e-10 
0.199048 6.61715 0.145812 9.27037e-10 0.197464 7.88575e-10 
0.199048 6.61731 0.145812 9.26794e-10 0.197464 7.88592e-10 
0.199048 6.61747 0.145812 9.26553e-10 0.197464 7.88608e-10 
0.199048 6.61762 0.145812 9.26312e-10 0.197464 7.88624e-10 
0.199048 6.61778 0.145812 9.26071e-10 0.197464 7.88641e-10 
0.199048 6.61794 0.145812 9.25832e-10 0.197464 7.88658e-10 
0.199048 6.6181 0.145812 9.25592e-10 0.197464 7.88675e-10 
0.199048 6.61826 0.145812 9.25354e-10 0.197464 7.88693e-10 
0.199048 6.61841 0.145812 9.25116e-10 0.197464 7.8871e-10 
0.199048 6.61857 0.145812 9.24879e-10 0.197464 7.88728e-10 
0.199048 6.61873 0.145812 9.24643e-10 0.197464 7.88746e-10 
0.199048 6.61889 0.145812 9.24407e-10 0.197464 7.88764e-10 
0.199048 6.61904 0.145812 9.24171e-10 0.197464 7.88783e-10 
0.199048 6.6192 0.145812 9.23937e-10 0.197464 7.88801e-10 
0.199048 6.61936 0.145812 9.23703e-10 0.197464 7.8882e-10 
0.199048 6.61952 0.145812 9.23469e-10 0.197464 7.88839e-10 
0.199048 6.61968 0.145812 9.23236e-10 0.197464 7.88858e-10 
0.199048 6.61983 0.145812 9.23004e-10 0.197464 7.88877e-10 
0.199048 6.61999 0.145812 9.22773e-10 0.197464 7.88897e-10 
0.199048 6.62015 0.145812 9.22542e-10 0.197464 7.88916e-10 
0.199048 6.62031 0.145812 9.22311e-10 0.197464 7.88936e-10 
0.199048 6.62046 0.145812 9.22082e-10 0.197464 7.88955e-10 
0.199048 6.62062 0.145812 9.21853e-10 0.197464 7.88975e-10 
0.199048 6.62078 0.145812 9.21624e-10 0.197464 7.88995e-10 
0.199048 6.62094 0.145812 9.21396e-10 0.197464 7.89015e-10 
0.199048 6.6211 0.145812 9.21169e-10 0.197464 7.89035e-10 
0.199048 6.62125 0.145812 9.20942e-10 0.197464 7.89056e-10 
0.199048 6.62141 0.145812 9.20716e-10 0.197464 7.89076e-10 
0.199048 6.62157 0.145812 9.2049e-10 0.197464 7.89097e-10 
0.199048 6.62173 0.145812 9.20265e-10 0.197464 7.89118e-10 
0.199048 6.62189 0.145812 9.2004e-10 0.197464 7.89139e-10 
0.199048 6.62204 0.145812 9.19816e-10 0.197464 7.8916e-10 
0.199048 6.6222 0.145812 9.19592e-10 0.197464 7.89182e-10 
0.199048 6.62236 0.145812 9.19369e-10 0.197464 7.89203e-10 
0.199048 6.62252 0.145812 9.19147e-10 0.197464 7.89225e-10 
0.199048 6.62267 0.145812 9.18925e-10 0.197464 7.89247e-10 
