0.0008
0.23223 6.60224 -0.25 6.7689e-15 8.66881e-08 2.60834e-16 
0.23223 6.60224 -0.25 6.76736e-15 8.66879e-08 2.6088e-16 
0.23223 6.60224 -0.25 6.76616e-15 8.66876e-08 2.60926e-16 
0.23223 6.60224 -0.25 6.76505e-15 8.66874e-08 2.60971e-16 
0.23223 6.60224 -0.25 6.76395e-15 8.66872e-08 2.61014e-16 
0.23223 6.60224 -0.25 6.76284e-15 8.6687e-08 2.61056e-16 
0.23223 6.60224 -0.25 6.76173e-15 8.66867e-08 2.61097e-16 
0.23223 6.60224 -0.25 6.76061e-15 8.66865e-08 2.61138e-16 
0.23223 6.60224 -0.25 6.75949e-15 8.66863e-08 2.61178e-16 
0.23223 6.60224 -0.25 6.75836e-15 8.6686e-08 2.61217e-16 
0.23223 6.60224 -0.25 6.75724e-15 8.66858e-08 2.61256e-16 
0.23223 6.60224 -0.25 6.7561e-15 8.66856e-08 2.61294e-16 
0.23223 6.60224 -0.25 6.75497e-15 8.66853e-08 2.61331e-16 
0.23223 6.60224 -0.25 6.75383e-15 8.66851e-08 2.61369e-16 
0.23223 6.60224 -0.25 6.75271e-15 8.66849e-08 2.61407e-16 
0.23223 6.60224 -0.25 6.75158e-15 8.66847e-08 2.61445e-16 
0.23223 6.60224 -0.25 6.75046e-15 8.66844e-08 2.61483e-16 
0.23223 6.60224 -0.25 6.74934e-15 8.66842e-08 2.61521e-16 
0.23223 6.60224 -0.25 6.74823e-15 8.6684e-08 2.6156e-16 
0.23223 6.60224 -0.25 6.74713e-15 8.66837e-08 2.616e-16 
0.23223 6.60224 -0.25 6.74602e-15 8.66835e-08 2.6164e-16 
0.23223 6.60224 -0.25 6.7449e-15 8.66833e-08 2.61679e-16 
0.23223 6.60224 -0.25 6.74378e-15 8.6683e-08 2.61719e-16 
0.23223 6.60224 -0.25 6.74267e-15 8.66828e-08 2.61759e-16 
0.23223 6.60224 -0.25 6.74155e-15 8.66826e-08 2.61798e-16 
0.23223 6.60224 -0.25 6.74043e-15 8.66823e-08 2.61838e-16 
0.23223 6.60224 -0.25 6.7393e-15 8.66821e-08 2.61877e-16 
0.23223 6.60224 -0.25 6.73818e-15 8.66819e-08 2.61916e-16 
0.23223 6.60224 -0.25 6.73706e-15 8.66817e-08 2.61956e-16 
0.23223 6.60224 -0.25 6.73593e-15 8.66814e-08 2.61995e-16 
0.23223 6.60224 -0.25 6.73481e-15 8.66812e-08 2.62034e-16 
0.23223 6.60224 -0.25 6.73369e-15 8.6681e-08 2.62073e-16 
0.23223 6.60224 -0.25 6.73256e-15 8.66807e-08 2.62113e-16 
0.23223 6.60224 -0.25 6.73144e-15 8.66805e-08 2.62152e-16 
0.23223 6.60224 -0.25 6.73031e-15 8.66803e-08 2.62191e-16 
0.23223 6.60224 -0.25 6.72919e-15 8.668e-08 2.6223e-16 
0.23223 6.60224 -0.25 6.72807e-15 8.66798e-08 2.6227e-16 
0.23223 6.60224 -0.25 6.72694e-15 8.66796e-08 2.62309e-16 
0.23223 6.60224 -0.25 6.72582e-15 8.66793e-08 2.62348e-16 
0.23223 6.60224 -0.25 6.7247e-15 8.66791e-08 2.62388e-16 
0.23223 6.60224 -0.25 6.72358e-15 8.66789e-08 2.62427e-16 
0.23223 6.60224 -0.25 6.72246e-15 8.66787e-08 2.62466e-16 
0.23223 6.60224 -0.25 6.72134e-15 8.66784e-08 2.62506e-16 
0.23223 6.60224 -0.25 6.72023e-15 8.66782e-08 2.62545e-16 
0.23223 6.60224 -0.25 6.71911e-15 8.6678e-08 2.62585e-16 
0.23223 6.60224 -0.25 6.718e-15 8.66777e-08 2.62624e-16 
0.23223 6.60224 -0.25 6.71689e-15 8.66775e-08 2.62664e-16 
0.23223 6.60224 -0.25 6.71578e-15 8.66773e-08 2.62704e-16 
0.23223 6.60224 -0.25 6.71467e-15 8.6677e-08 2.62744e-16 
0.23223 6.60224 -0.25 6.71356e-15 8.66768e-08 2.62783e-16 
0.23223 6.60224 -0.25 6.71246e-15 8.66766e-08 2.62823e-16 
0.23223 6.60224 -0.25 6.71136e-15 8.66764e-08 2.62863e-16 
0.23223 6.60224 -0.25 6.71026e-15 8.66761e-08 2.62903e-16 
0.23223 6.60224 -0.25 6.70916e-15 8.66759e-08 2.62943e-16 
0.23223 6.60224 -0.25 6.70807e-15 8.66757e-08 2.62984e-16 
0.23223 6.60224 -0.25 6.70697e-15 8.66754e-08 2.63024e-16 
0.23223 6.60224 -0.25 6.70589e-15 8.66752e-08 2.63064e-16 
0.23223 6.60224 -0.25 6.7048e-15 8.6675e-08 2.63105e-16 
0.23223 6.60224 -0.25 6.70372e-15 8.66747e-08 2.63146e-16 
0.23223 6.60224 -0.25 6.70264e-15 8.66745e-08 2.63186e-16 
0.23223 6.60224 -0.25 6.70156e-15 8.66743e-08 2.63227e-16 
0.23223 6.60224 -0.25 6.70049e-15 8.66741e-08 2.63268e-16 
0.23223 6.60224 -0.25 6.69942e-15 8.66738e-08 2.63309e-16 
0.23223 6.60224 -0.25 6.69835e-15 8.66736e-08 2.63351e-16 
0.23223 6.60224 -0.25 6.69728e-15 8.66734e-08 2.63392e-16 
0.23223 6.60224 -0.25 6.69622e-15 8.66731e-08 2.63434e-16 
0.23223 6.60224 -0.25 6.69516e-15 8.66729e-08 2.63475e-16 
0.23223 6.60224 -0.25 6.6941e-15 8.66727e-08 2.63517e-16 
0.23223 6.60224 -0.25 6.69304e-15 8.66724e-08 2.63558e-16 
0.23223 6.60224 -0.25 6.69198e-15 8.66722e-08 2.636e-16 
0.23223 6.60224 -0.25 6.69093e-15 8.6672e-08 2.63642e-16 
0.23223 6.60224 -0.25 6.68988e-15 8.66717e-08 2.63684e-16 
0.23223 6.60224 -0.25 6.68882e-15 8.66715e-08 2.63726e-16 
0.23223 6.60224 -0.25 6.68777e-15 8.66713e-08 2.63768e-16 
0.23223 6.60224 -0.25 6.68673e-15 8.66711e-08 2.6381e-16 
0.23223 6.60224 -0.25 6.68568e-15 8.66708e-08 2.63852e-16 
0.23223 6.60224 -0.25 6.68464e-15 8.66706e-08 2.63894e-16 
0.23223 6.60224 -0.25 6.68359e-15 8.66704e-08 2.63937e-16 
0.23223 6.60224 -0.25 6.68255e-15 8.66701e-08 2.63979e-16 
0.23223 6.60224 -0.25 6.68151e-15 8.66699e-08 2.64022e-16 
0.23223 6.60224 -0.25 6.68048e-15 8.66697e-08 2.64064e-16 
0.23223 6.60224 -0.25 6.67944e-15 8.66694e-08 2.64107e-16 
0.23223 6.60224 -0.25 6.67841e-15 8.66692e-08 2.6415e-16 
0.23223 6.60224 -0.25 6.67738e-15 8.6669e-08 2.64192e-16 
0.23223 6.60224 -0.25 6.67635e-15 8.66688e-08 2.64235e-16 
0.23223 6.60224 -0.25 6.67532e-15 8.66685e-08 2.64278e-16 
0.23223 6.60224 -0.25 6.6743e-15 8.66683e-08 2.64322e-16 
0.23223 6.60224 -0.25 6.67327e-15 8.66681e-08 2.64365e-16 
0.23223 6.60224 -0.25 6.67225e-15 8.66678e-08 2.64408e-16 
0.23223 6.60224 -0.25 6.67123e-15 8.66676e-08 2.64451e-16 
0.23223 6.60224 -0.25 6.67021e-15 8.66674e-08 2.64494e-16 
0.23223 6.60224 -0.25 6.6692e-15 8.66671e-08 2.64538e-16 
0.23223 6.60224 -0.25 6.66819e-15 8.66669e-08 2.64581e-16 
0.23223 6.60224 -0.25 6.66719e-15 8.66667e-08 2.64625e-16 
0.23223 6.60224 -0.25 6.6662e-15 8.66665e-08 2.64669e-16 
0.23223 6.60224 -0.25 6.66521e-15 8.66662e-08 2.64713e-16 
0.23223 6.60224 -0.25 6.66423e-15 8.6666e-08 2.64758e-16 
0.23223 6.60224 -0.25 6.66325e-15 8.66658e-08 2.64802e-16 
0.23223 6.60224 -0.25 6.66227e-15 8.66655e-08 2.64847e-16 
0.23223 6.60224 -0.25 6.6613e-15 8.66653e-08 2.64891e-16 
0.23223 6.60224 -0.25 6.66034e-15 8.66651e-08 2.64936e-16 
0.23223 6.60224 -0.25 6.65937e-15 8.66648e-08 2.6498e-16 
0.23223 6.60224 -0.25 6.65841e-15 8.66646e-08 2.65024e-16 
0.23223 6.60224 -0.25 6.65745e-15 8.66644e-08 2.65069e-16 
0.23223 6.60224 -0.25 6.65649e-15 8.66642e-08 2.65113e-16 
0.23223 6.60224 -0.25 6.65552e-15 8.66639e-08 2.65157e-16 
0.23223 6.60224 -0.25 6.65455e-15 8.66637e-08 2.65202e-16 
0.23223 6.60224 -0.25 6.65359e-15 8.66635e-08 2.65246e-16 
0.23223 6.60224 -0.25 6.65262e-15 8.66632e-08 2.65291e-16 
0.23223 6.60224 -0.25 6.65166e-15 8.6663e-08 2.65335e-16 
0.23223 6.60224 -0.25 6.65069e-15 8.66628e-08 2.6538e-16 
0.23223 6.60224 -0.25 6.64972e-15 8.66625e-08 2.65424e-16 
0.23223 6.60224 -0.25 6.64875e-15 8.66623e-08 2.65469e-16 
0.23223 6.60224 -0.25 6.64779e-15 8.66621e-08 2.65514e-16 
0.23223 6.60224 -0.25 6.64683e-15 8.66618e-08 2.65559e-16 
0.23223 6.60224 -0.25 6.64587e-15 8.66616e-08 2.65604e-16 
0.23223 6.60224 -0.25 6.64491e-15 8.66614e-08 2.65649e-16 
0.23223 6.60224 -0.25 6.64396e-15 8.66612e-08 2.65694e-16 
0.23223 6.60224 -0.25 6.64301e-15 8.66609e-08 2.6574e-16 
0.23223 6.60224 -0.25 6.64206e-15 8.66607e-08 2.65785e-16 
0.23223 6.60224 -0.25 6.64111e-15 8.66605e-08 2.65831e-16 
0.23223 6.60224 -0.25 6.64016e-15 8.66602e-08 2.65876e-16 
0.23223 6.60224 -0.25 6.63922e-15 8.666e-08 2.65922e-16 
0.23223 6.60224 -0.25 6.63828e-15 8.66598e-08 2.65967e-16 
0.23223 6.60224 -0.25 6.63734e-15 8.66595e-08 2.66013e-16 
0.23223 6.60224 -0.25 6.6364e-15 8.66593e-08 2.66059e-16 
0.23223 6.60224 -0.25 6.63546e-15 8.66591e-08 2.66104e-16 
0.23223 6.60224 -0.25 6.63452e-15 8.66589e-08 2.6615e-16 
0.23223 6.60224 -0.25 6.63358e-15 8.66586e-08 2.66196e-16 
0.23223 6.60224 -0.25 6.63265e-15 8.66584e-08 2.66241e-16 
0.23223 6.60224 -0.25 6.63171e-15 8.66582e-08 2.66287e-16 
0.23223 6.60224 -0.25 6.63078e-15 8.66579e-08 2.66333e-16 
0.23223 6.60224 -0.25 6.62985e-15 8.66577e-08 2.66379e-16 
0.23223 6.60224 -0.25 6.62892e-15 8.66575e-08 2.66425e-16 
0.23223 6.60224 -0.25 6.62799e-15 8.66572e-08 2.6647e-16 
0.23223 6.60224 -0.25 6.62706e-15 8.6657e-08 2.66516e-16 
0.23223 6.60224 -0.25 6.62612e-15 8.66568e-08 2.66562e-16 
0.23223 6.60224 -0.25 6.62518e-15 8.66566e-08 2.66607e-16 
0.23223 6.60224 -0.25 6.62422e-15 8.66563e-08 2.66652e-16 
0.23223 6.60224 -0.25 6.62326e-15 8.66561e-08 2.66696e-16 
0.23223 6.60224 -0.25 6.6223e-15 8.66559e-08 2.66741e-16 
0.23223 6.60224 -0.25 6.62134e-15 8.66556e-08 2.66785e-16 
0.23223 6.60224 -0.25 6.62038e-15 8.66554e-08 2.66829e-16 
0.23223 6.60224 -0.25 6.61941e-15 8.66552e-08 2.66874e-16 
0.23223 6.60224 -0.25 6.61845e-15 8.66549e-08 2.66918e-16 
0.23223 6.60224 -0.25 6.61748e-15 8.66547e-08 2.66962e-16 
0.23223 6.60224 -0.25 6.61651e-15 8.66545e-08 2.67006e-16 
0.23223 6.60224 -0.25 6.61554e-15 8.66543e-08 2.6705e-16 
0.23223 6.60224 -0.25 6.61457e-15 8.6654e-08 2.67094e-16 
0.23223 6.60224 -0.25 6.6136e-15 8.66538e-08 2.67138e-16 
0.23223 6.60224 -0.25 6.61259e-15 8.66536e-08 2.6718e-16 
0.23223 6.60224 -0.25 6.61156e-15 8.66533e-08 2.67222e-16 
0.23223 6.60224 -0.25 6.61053e-15 8.66531e-08 2.67264e-16 
0.23223 6.60224 -0.25 6.60949e-15 8.66529e-08 2.67305e-16 
0.23223 6.60224 -0.25 6.60845e-15 8.66526e-08 2.67346e-16 
0.23223 6.60224 -0.25 6.6074e-15 8.66524e-08 2.67387e-16 
0.23223 6.60224 -0.25 6.60636e-15 8.66522e-08 2.67428e-16 
0.23223 6.60224 -0.25 6.60533e-15 8.6652e-08 2.67469e-16 
0.23223 6.60224 -0.25 6.60429e-15 8.66517e-08 2.6751e-16 
0.23223 6.60224 -0.25 6.60326e-15 8.66515e-08 2.67551e-16 
0.23223 6.60224 -0.25 6.60223e-15 8.66513e-08 2.67593e-16 
0.23223 6.60224 -0.25 6.6012e-15 8.6651e-08 2.67634e-16 
0.23223 6.60224 -0.25 6.60017e-15 8.66508e-08 2.67675e-16 
0.23223 6.60224 -0.25 6.59915e-15 8.66506e-08 2.67717e-16 
0.23223 6.60224 -0.25 6.59813e-15 8.66503e-08 2.67759e-16 
0.23223 6.60224 -0.25 6.59711e-15 8.66501e-08 2.678e-16 
0.23223 6.60224 -0.25 6.59609e-15 8.66499e-08 2.67842e-16 
0.23223 6.60224 -0.25 6.59507e-15 8.66496e-08 2.67884e-16 
0.23223 6.60224 -0.25 6.59406e-15 8.66494e-08 2.67926e-16 
0.23223 6.60224 -0.25 6.59305e-15 8.66492e-08 2.67968e-16 
0.23223 6.60224 -0.25 6.59205e-15 8.6649e-08 2.68011e-16 
0.23223 6.60224 -0.25 6.59106e-15 8.66487e-08 2.68054e-16 
0.23223 6.60224 -0.25 6.59008e-15 8.66485e-08 2.68097e-16 
0.23223 6.60224 -0.25 6.5891e-15 8.66483e-08 2.68141e-16 
0.23223 6.60224 -0.25 6.58813e-15 8.6648e-08 2.68185e-16 
0.23223 6.60224 -0.25 6.58717e-15 8.66478e-08 2.68229e-16 
0.23223 6.60224 -0.25 6.58621e-15 8.66476e-08 2.68273e-16 
0.23223 6.60224 -0.25 6.58525e-15 8.66473e-08 2.68317e-16 
0.23223 6.60224 -0.25 6.5843e-15 8.66471e-08 2.68362e-16 
0.23223 6.60224 -0.25 6.58335e-15 8.66469e-08 2.68407e-16 
0.23223 6.60224 -0.25 6.58242e-15 8.66467e-08 2.68452e-16 
0.23223 6.60224 -0.25 6.58148e-15 8.66464e-08 2.68497e-16 
0.23223 6.60224 -0.25 6.58055e-15 8.66462e-08 2.68543e-16 
0.23223 6.60224 -0.25 6.57963e-15 8.6646e-08 2.68589e-16 
0.23223 6.60224 -0.25 6.57871e-15 8.66457e-08 2.68635e-16 
0.23223 6.60224 -0.25 6.57779e-15 8.66455e-08 2.68681e-16 
0.23223 6.60224 -0.25 6.57688e-15 8.66453e-08 2.68727e-16 
0.23223 6.60224 -0.25 6.57596e-15 8.6645e-08 2.68773e-16 
0.23223 6.60224 -0.25 6.57504e-15 8.66448e-08 2.68819e-16 
0.23223 6.60224 -0.25 6.57412e-15 8.66446e-08 2.68865e-16 
0.23223 6.60224 -0.25 6.5732e-15 8.66443e-08 2.68911e-16 
0.23223 6.60224 -0.25 6.57229e-15 8.66441e-08 2.68957e-16 
0.23223 6.60224 -0.25 6.57137e-15 8.66439e-08 2.69003e-16 
0.23223 6.60224 -0.25 6.57045e-15 8.66437e-08 2.69049e-16 
0.23223 6.60224 -0.25 6.56954e-15 8.66434e-08 2.69095e-16 
0.23223 6.60224 -0.25 6.56863e-15 8.66432e-08 2.69141e-16 
0.23223 6.60224 -0.25 6.56771e-15 8.6643e-08 2.69187e-16 
0.23223 6.60224 -0.25 6.5668e-15 8.66427e-08 2.69233e-16 
0.23223 6.60224 -0.25 6.56588e-15 8.66425e-08 2.69279e-16 
0.23223 6.60224 -0.25 6.56497e-15 8.66423e-08 2.69325e-16 
0.23223 6.60224 -0.25 6.56406e-15 8.66421e-08 2.69371e-16 
0.23223 6.60224 -0.25 6.56315e-15 8.66418e-08 2.69418e-16 
0.23223 6.60224 -0.25 6.56223e-15 8.66416e-08 2.69464e-16 
0.23223 6.60224 -0.25 6.56132e-15 8.66414e-08 2.6951e-16 
0.23223 6.60224 -0.25 6.56041e-15 8.66411e-08 2.69556e-16 
0.23223 6.60224 -0.25 6.5595e-15 8.66409e-08 2.69602e-16 
0.23223 6.60224 -0.25 6.5586e-15 8.66407e-08 2.69648e-16 
0.23223 6.60224 -0.25 6.5577e-15 8.66404e-08 2.69694e-16 
0.23223 6.60224 -0.25 6.5568e-15 8.66402e-08 2.69741e-16 
0.23223 6.60224 -0.25 6.55591e-15 8.664e-08 2.69787e-16 
0.23223 6.60224 -0.25 6.55502e-15 8.66398e-08 2.69834e-16 
0.23223 6.60224 -0.25 6.55415e-15 8.66395e-08 2.69881e-16 
0.23223 6.60224 -0.25 6.55327e-15 8.66393e-08 2.69928e-16 
0.23223 6.60224 -0.25 6.55241e-15 8.66391e-08 2.69976e-16 
0.23223 6.60224 -0.25 6.55155e-15 8.66388e-08 2.70023e-16 
0.23223 6.60224 -0.25 6.55069e-15 8.66386e-08 2.70071e-16 
0.23223 6.60224 -0.25 6.54984e-15 8.66384e-08 2.70118e-16 
0.23223 6.60224 -0.25 6.549e-15 8.66381e-08 2.70166e-16 
0.23223 6.60224 -0.25 6.54815e-15 8.66379e-08 2.70214e-16 
0.23223 6.60224 -0.25 6.54732e-15 8.66377e-08 2.70262e-16 
0.23223 6.60224 -0.25 6.54648e-15 8.66374e-08 2.7031e-16 
0.23223 6.60224 -0.25 6.54565e-15 8.66372e-08 2.70358e-16 
0.23223 6.60224 -0.25 6.54482e-15 8.6637e-08 2.70407e-16 
0.23223 6.60224 -0.25 6.544e-15 8.66368e-08 2.70455e-16 
0.23223 6.60224 -0.25 6.54318e-15 8.66365e-08 2.70504e-16 
0.23223 6.60224 -0.25 6.54236e-15 8.66363e-08 2.70552e-16 
0.23223 6.60224 -0.25 6.54155e-15 8.66361e-08 2.70601e-16 
0.23223 6.60224 -0.25 6.54074e-15 8.66358e-08 2.7065e-16 
0.23223 6.60224 -0.25 6.53993e-15 8.66356e-08 2.70699e-16 
0.23223 6.60224 -0.25 6.53913e-15 8.66354e-08 2.70748e-16 
0.23223 6.60224 -0.25 6.53833e-15 8.66351e-08 2.70797e-16 
0.23223 6.60224 -0.25 6.53753e-15 8.66349e-08 2.70846e-16 
0.23223 6.60224 -0.25 6.53673e-15 8.66347e-08 2.70896e-16 
0.23223 6.60224 -0.25 6.53594e-15 8.66345e-08 2.70945e-16 
0.23223 6.60224 -0.25 6.53515e-15 8.66342e-08 2.70995e-16 
0.23223 6.60224 -0.25 6.53436e-15 8.6634e-08 2.71044e-16 
0.23223 6.60224 -0.25 6.53357e-15 8.66338e-08 2.71094e-16 
0.23223 6.60224 -0.25 6.53277e-15 8.66335e-08 2.71144e-16 
0.23223 6.60224 -0.25 6.53197e-15 8.66333e-08 2.71193e-16 
0.23223 6.60224 -0.25 6.53117e-15 8.66331e-08 2.71243e-16 
0.23223 6.60224 -0.25 6.53037e-15 8.66328e-08 2.71292e-16 
0.23223 6.60224 -0.25 6.52957e-15 8.66326e-08 2.71342e-16 
0.23223 6.60224 -0.25 6.52877e-15 8.66324e-08 2.71391e-16 
0.23223 6.60224 -0.25 6.52796e-15 8.66322e-08 2.71441e-16 
0.23223 6.60224 -0.25 6.52716e-15 8.66319e-08 2.7149e-16 
0.23223 6.60224 -0.25 6.52636e-15 8.66317e-08 2.71539e-16 
0.23223 6.60224 -0.25 6.52555e-15 8.66315e-08 2.71589e-16 
0.23223 6.60224 -0.25 6.52475e-15 8.66312e-08 2.71638e-16 
0.23223 6.60224 -0.25 6.52394e-15 8.6631e-08 2.71687e-16 
0.23223 6.60224 -0.25 6.52313e-15 8.66308e-08 2.71736e-16 
0.23223 6.60224 -0.25 6.52232e-15 8.66305e-08 2.71786e-16 
0.23223 6.60224 -0.25 6.52151e-15 8.66303e-08 2.71835e-16 
0.23223 6.60224 -0.25 6.52071e-15 8.66301e-08 2.71884e-16 
0.23223 6.60224 -0.25 6.5199e-15 8.66299e-08 2.71933e-16 
0.23223 6.60224 -0.25 6.51909e-15 8.66296e-08 2.71982e-16 
0.23223 6.60224 -0.25 6.51828e-15 8.66294e-08 2.72027e-16 
0.23223 6.60224 -0.25 6.51746e-15 8.66292e-08 2.7207e-16 
0.23223 6.60224 -0.25 6.51665e-15 8.66289e-08 2.72112e-16 
0.23223 6.60224 -0.25 6.51583e-15 8.66287e-08 2.72152e-16 
0.23223 6.60224 -0.25 6.51502e-15 8.66285e-08 2.72191e-16 
0.23223 6.60224 -0.25 6.5142e-15 8.66282e-08 2.72229e-16 
0.23223 6.60224 -0.25 6.51339e-15 8.6628e-08 2.72265e-16 
0.23223 6.60224 -0.25 6.51257e-15 8.66278e-08 2.72301e-16 
0.23223 6.60224 -0.25 6.51176e-15 8.66276e-08 2.72335e-16 
0.23223 6.60224 -0.25 6.51094e-15 8.66273e-08 2.7237e-16 
0.23223 6.60224 -0.25 6.51013e-15 8.66271e-08 2.72404e-16 
0.23223 6.60224 -0.25 6.50932e-15 8.66269e-08 2.72438e-16 
0.23223 6.60224 -0.25 6.50851e-15 8.66266e-08 2.72472e-16 
0.23223 6.60224 -0.25 6.50771e-15 8.66264e-08 2.72506e-16 
0.23223 6.60224 -0.25 6.5069e-15 8.66262e-08 2.72541e-16 
0.23223 6.60224 -0.25 6.50611e-15 8.66259e-08 2.72575e-16 
0.23223 6.60224 -0.25 6.50531e-15 8.66257e-08 2.7261e-16 
0.23223 6.60224 -0.25 6.50452e-15 8.66255e-08 2.72644e-16 
0.23223 6.60224 -0.25 6.50373e-15 8.66252e-08 2.72679e-16 
0.23223 6.60224 -0.25 6.50293e-15 8.6625e-08 2.72714e-16 
0.23223 6.60224 -0.25 6.50214e-15 8.66248e-08 2.72749e-16 
0.23223 6.60224 -0.25 6.50135e-15 8.66246e-08 2.72784e-16 
0.23223 6.60224 -0.25 6.50055e-15 8.66243e-08 2.72819e-16 
0.23223 6.60224 -0.25 6.49976e-15 8.66241e-08 2.72855e-16 
0.23223 6.60224 -0.25 6.49897e-15 8.66239e-08 2.7289e-16 
0.23223 6.60224 -0.25 6.49817e-15 8.66236e-08 2.72925e-16 
0.23223 6.60224 -0.25 6.49737e-15 8.66234e-08 2.7296e-16 
0.23223 6.60224 -0.25 6.49657e-15 8.66232e-08 2.72994e-16 
0.23223 6.60224 -0.25 6.49576e-15 8.66229e-08 2.73029e-16 
0.23223 6.60224 -0.25 6.49496e-15 8.66227e-08 2.73064e-16 
0.23223 6.60224 -0.25 6.49415e-15 8.66225e-08 2.73098e-16 
0.23223 6.60224 -0.25 6.49334e-15 8.66223e-08 2.73133e-16 
0.23223 6.60224 -0.25 6.49254e-15 8.6622e-08 2.73168e-16 
0.23223 6.60224 -0.25 6.49173e-15 8.66218e-08 2.73202e-16 
0.23223 6.60224 -0.25 6.49092e-15 8.66216e-08 2.73237e-16 
0.23223 6.60224 -0.25 6.49011e-15 8.66213e-08 2.73271e-16 
0.23223 6.60224 -0.25 6.4893e-15 8.66211e-08 2.73306e-16 
0.23223 6.60224 -0.25 6.48849e-15 8.66209e-08 2.73341e-16 
0.23223 6.60224 -0.25 6.48769e-15 8.66206e-08 2.73376e-16 
0.23223 6.60224 -0.25 6.48688e-15 8.66204e-08 2.73411e-16 
0.23223 6.60224 -0.25 6.48608e-15 8.66202e-08 2.73446e-16 
0.23223 6.60224 -0.25 6.48527e-15 8.662e-08 2.73481e-16 
0.23223 6.60224 -0.25 6.48447e-15 8.66197e-08 2.73516e-16 
0.23223 6.60224 -0.25 6.48367e-15 8.66195e-08 2.73552e-16 
0.23223 6.60224 -0.25 6.48287e-15 8.66193e-08 2.73587e-16 
0.23223 6.60224 -0.25 6.48207e-15 8.6619e-08 2.73623e-16 
0.23223 6.60224 -0.25 6.48127e-15 8.66188e-08 2.73658e-16 
0.23223 6.60224 -0.25 6.48047e-15 8.66186e-08 2.73694e-16 
0.23223 6.60224 -0.25 6.47967e-15 8.66183e-08 2.73729e-16 
0.23223 6.60224 -0.25 6.47888e-15 8.66181e-08 2.73765e-16 
0.23223 6.60224 -0.25 6.47808e-15 8.66179e-08 2.73801e-16 
0.23223 6.60224 -0.25 6.47729e-15 8.66177e-08 2.73836e-16 
0.23223 6.60224 -0.25 6.4765e-15 8.66174e-08 2.73872e-16 
0.23223 6.60224 -0.25 6.47571e-15 8.66172e-08 2.73908e-16 
0.23223 6.60224 -0.25 6.47492e-15 8.6617e-08 2.73944e-16 
0.23223 6.60224 -0.25 6.47413e-15 8.66167e-08 2.7398e-16 
0.23223 6.60224 -0.25 6.47334e-15 8.66165e-08 2.74016e-16 
0.23223 6.60224 -0.25 6.47255e-15 8.66163e-08 2.74052e-16 
0.23223 6.60224 -0.25 6.47175e-15 8.6616e-08 2.74088e-16 
0.23223 6.60224 -0.25 6.47097e-15 8.66158e-08 2.74124e-16 
0.23223 6.60224 -0.25 6.47018e-15 8.66156e-08 2.7416e-16 
0.23223 6.60224 -0.25 6.4694e-15 8.66154e-08 2.74196e-16 
0.23223 6.60224 -0.25 6.46862e-15 8.66151e-08 2.74233e-16 
0.23223 6.60224 -0.25 6.46785e-15 8.66149e-08 2.7427e-16 
0.23223 6.60224 -0.25 6.46707e-15 8.66147e-08 2.74306e-16 
0.23223 6.60224 -0.25 6.46631e-15 8.66144e-08 2.74343e-16 
0.23223 6.60224 -0.25 6.46554e-15 8.66142e-08 2.74381e-16 
0.23223 6.60224 -0.25 6.46478e-15 8.6614e-08 2.74418e-16 
0.23223 6.60224 -0.25 6.46402e-15 8.66137e-08 2.74456e-16 
0.23223 6.60224 -0.25 6.46327e-15 8.66135e-08 2.74493e-16 
0.23223 6.60224 -0.25 6.46252e-15 8.66133e-08 2.74531e-16 
0.23223 6.60224 -0.25 6.46177e-15 8.66131e-08 2.74569e-16 
0.23223 6.60224 -0.25 6.46102e-15 8.66128e-08 2.74607e-16 
0.23223 6.60224 -0.25 6.46031e-15 8.66126e-08 2.74646e-16 
0.23223 6.60224 -0.25 6.45962e-15 8.66124e-08 2.74686e-16 
0.23223 6.60224 -0.25 6.45895e-15 8.66121e-08 2.74727e-16 
0.23223 6.60224 -0.25 6.4583e-15 8.66119e-08 2.74768e-16 
0.23223 6.60224 -0.25 6.45766e-15 8.66117e-08 2.7481e-16 
0.23223 6.60224 -0.25 6.45704e-15 8.66114e-08 2.74852e-16 
0.23223 6.60224 -0.25 6.45642e-15 8.66112e-08 2.74894e-16 
0.23223 6.60224 -0.25 6.45581e-15 8.6611e-08 2.74936e-16 
0.23223 6.60224 -0.25 6.45521e-15 8.66108e-08 2.74979e-16 
0.23223 6.60224 -0.25 6.45462e-15 8.66105e-08 2.75022e-16 
0.23223 6.60224 -0.25 6.45404e-15 8.66103e-08 2.75066e-16 
0.23223 6.60224 -0.25 6.45347e-15 8.66101e-08 2.75109e-16 
0.23223 6.60224 -0.25 6.4529e-15 8.66098e-08 2.75153e-16 
0.23223 6.60224 -0.25 6.45234e-15 8.66096e-08 2.75197e-16 
0.23223 6.60224 -0.25 6.45178e-15 8.66094e-08 2.75242e-16 
0.23223 6.60224 -0.25 6.45123e-15 8.66091e-08 2.75286e-16 
0.23223 6.60224 -0.25 6.45068e-15 8.66089e-08 2.7533e-16 
0.23223 6.60224 -0.25 6.45013e-15 8.66087e-08 2.75375e-16 
0.23223 6.60224 -0.25 6.44959e-15 8.66085e-08 2.7542e-16 
0.23223 6.60224 -0.25 6.44905e-15 8.66082e-08 2.75465e-16 
0.23223 6.60224 -0.25 6.44852e-15 8.6608e-08 2.7551e-16 
0.23223 6.60224 -0.25 6.44799e-15 8.66078e-08 2.75556e-16 
0.23223 6.60224 -0.25 6.44746e-15 8.66075e-08 2.75601e-16 
0.23223 6.60224 -0.25 6.44694e-15 8.66073e-08 2.75647e-16 
0.23223 6.60224 -0.25 6.44642e-15 8.66071e-08 2.75693e-16 
0.23223 6.60224 -0.25 6.4459e-15 8.66068e-08 2.75739e-16 
0.23223 6.60224 -0.25 6.44538e-15 8.66066e-08 2.75785e-16 
0.23223 6.60224 -0.25 6.44487e-15 8.66064e-08 2.75831e-16 
0.23223 6.60224 -0.25 6.44436e-15 8.66062e-08 2.75877e-16 
0.23223 6.60224 -0.25 6.44385e-15 8.66059e-08 2.75924e-16 
0.23223 6.60224 -0.25 6.44334e-15 8.66057e-08 2.7597e-16 
0.23223 6.60224 -0.25 6.44284e-15 8.66055e-08 2.76017e-16 
0.23223 6.60224 -0.25 6.44234e-15 8.66052e-08 2.76064e-16 
0.23223 6.60224 -0.25 6.44184e-15 8.6605e-08 2.7611e-16 
0.23223 6.60224 -0.25 6.44134e-15 8.66048e-08 2.76157e-16 
0.23223 6.60224 -0.25 6.44085e-15 8.66045e-08 2.76204e-16 
0.23223 6.60224 -0.25 6.44035e-15 8.66043e-08 2.76251e-16 
0.23223 6.60224 -0.25 6.43986e-15 8.66041e-08 2.76298e-16 
0.23223 6.60224 -0.25 6.43937e-15 8.66039e-08 2.76345e-16 
0.23223 6.60224 -0.25 6.43888e-15 8.66036e-08 2.76392e-16 
0.23223 6.60224 -0.25 6.4384e-15 8.66034e-08 2.76439e-16 
0.23223 6.60224 -0.25 6.43791e-15 8.66032e-08 2.76486e-16 
0.23223 6.60224 -0.25 6.43743e-15 8.66029e-08 2.76534e-16 
0.23223 6.60224 -0.25 6.43695e-15 8.66027e-08 2.76581e-16 
0.23223 6.60224 -0.25 6.43646e-15 8.66025e-08 2.76629e-16 
0.23223 6.60224 -0.25 6.43596e-15 8.66022e-08 2.76676e-16 
0.23223 6.60224 -0.25 6.43545e-15 8.6602e-08 2.76724e-16 
0.23223 6.60224 -0.25 6.43493e-15 8.66018e-08 2.76772e-16 
0.23223 6.60224 -0.25 6.43441e-15 8.66016e-08 2.76819e-16 
0.23223 6.60224 -0.25 6.4339e-15 8.66013e-08 2.76867e-16 
0.23223 6.60224 -0.25 6.43337e-15 8.66011e-08 2.76915e-16 
0.23223 6.60224 -0.25 6.43285e-15 8.66009e-08 2.76963e-16 
0.23223 6.60224 -0.25 6.43233e-15 8.66006e-08 2.77011e-16 
0.23223 6.60224 -0.25 6.4318e-15 8.66004e-08 2.7706e-16 
0.23223 6.60224 -0.25 6.43127e-15 8.66002e-08 2.77108e-16 
0.23223 6.60224 -0.25 6.43074e-15 8.65999e-08 2.77156e-16 
0.23223 6.60224 -0.25 6.43022e-15 8.65997e-08 2.77205e-16 
0.23223 6.60224 -0.25 6.42969e-15 8.65995e-08 2.77254e-16 
0.23223 6.60224 -0.25 6.42916e-15 8.65993e-08 2.77303e-16 
0.23223 6.60224 -0.25 6.42863e-15 8.6599e-08 2.77352e-16 
0.23223 6.60224 -0.25 6.4281e-15 8.65988e-08 2.77401e-16 
0.23223 6.60224 -0.25 6.42757e-15 8.65986e-08 2.7745e-16 
0.23223 6.60224 -0.25 6.42703e-15 8.65983e-08 2.77499e-16 
0.23223 6.60224 -0.25 6.4265e-15 8.65981e-08 2.77548e-16 
0.23223 6.60224 -0.25 6.42597e-15 8.65979e-08 2.77597e-16 
0.23223 6.60224 -0.25 6.42543e-15 8.65976e-08 2.77647e-16 
0.23223 6.60224 -0.25 6.4249e-15 8.65974e-08 2.77696e-16 
0.23223 6.60224 -0.25 6.42437e-15 8.65972e-08 2.77745e-16 
0.23223 6.60224 -0.25 6.42385e-15 8.6597e-08 2.77794e-16 
0.23223 6.60224 -0.25 6.42333e-15 8.65967e-08 2.77844e-16 
0.23223 6.60224 -0.25 6.42281e-15 8.65965e-08 2.77893e-16 
0.23223 6.60224 -0.25 6.42228e-15 8.65963e-08 2.77942e-16 
0.23223 6.60224 -0.25 6.42176e-15 8.6596e-08 2.77991e-16 
0.23223 6.60224 -0.25 6.42124e-15 8.65958e-08 2.78041e-16 
0.23223 6.60224 -0.25 6.42072e-15 8.65956e-08 2.7809e-16 
0.23223 6.60224 -0.25 6.4202e-15 8.65953e-08 2.78139e-16 
0.23223 6.60224 -0.25 6.41968e-15 8.65951e-08 2.78188e-16 
0.23223 6.60224 -0.25 6.41916e-15 8.65949e-08 2.78237e-16 
0.23223 6.60224 -0.25 6.41864e-15 8.65947e-08 2.78286e-16 
0.23223 6.60224 -0.25 6.41812e-15 8.65944e-08 2.78335e-16 
0.23223 6.60224 -0.25 6.4176e-15 8.65942e-08 2.78384e-16 
0.23223 6.60224 -0.25 6.41708e-15 8.6594e-08 2.78434e-16 
0.23223 6.60224 -0.25 6.41654e-15 8.65937e-08 2.78482e-16 
0.23223 6.60224 -0.25 6.41596e-15 8.65935e-08 2.78529e-16 
0.23223 6.60224 -0.25 6.41538e-15 8.65933e-08 2.78576e-16 
0.23223 6.60224 -0.25 6.4148e-15 8.6593e-08 2.78622e-16 
0.23223 6.60224 -0.25 6.41422e-15 8.65928e-08 2.78669e-16 
0.23223 6.60224 -0.25 6.41364e-15 8.65926e-08 2.78716e-16 
0.23223 6.60224 -0.25 6.41305e-15 8.65924e-08 2.78763e-16 
0.23223 6.60224 -0.25 6.41245e-15 8.65921e-08 2.78809e-16 
0.23223 6.60224 -0.25 6.41184e-15 8.65919e-08 2.78855e-16 
0.23223 6.60224 -0.25 6.41123e-15 8.65917e-08 2.789e-16 
0.23223 6.60224 -0.25 6.41062e-15 8.65914e-08 2.78946e-16 
0.23223 6.60224 -0.25 6.41001e-15 8.65912e-08 2.78992e-16 
0.23223 6.60224 -0.25 6.40939e-15 8.6591e-08 2.79038e-16 
0.23223 6.60224 -0.25 6.40879e-15 8.65907e-08 2.79083e-16 
0.23223 6.60224 -0.25 6.40818e-15 8.65905e-08 2.79129e-16 
0.23223 6.60224 -0.25 6.40757e-15 8.65903e-08 2.79175e-16 
0.23223 6.60224 -0.25 6.40697e-15 8.65901e-08 2.79221e-16 
0.23223 6.60224 -0.25 6.40637e-15 8.65898e-08 2.79267e-16 
0.23223 6.60224 -0.25 6.40577e-15 8.65896e-08 2.79314e-16 
0.23223 6.60224 -0.25 6.40517e-15 8.65894e-08 2.7936e-16 
0.23223 6.60224 -0.25 6.40457e-15 8.65891e-08 2.79406e-16 
0.23223 6.60224 -0.25 6.40398e-15 8.65889e-08 2.79452e-16 
0.23223 6.60224 -0.25 6.40338e-15 8.65887e-08 2.79498e-16 
0.23223 6.60224 -0.25 6.40278e-15 8.65884e-08 2.79544e-16 
0.23223 6.60224 -0.25 6.40218e-15 8.65882e-08 2.7959e-16 
0.23223 6.60224 -0.25 6.40158e-15 8.6588e-08 2.79636e-16 
0.23223 6.60224 -0.25 6.40098e-15 8.65878e-08 2.79682e-16 
0.23223 6.60224 -0.25 6.40038e-15 8.65875e-08 2.79728e-16 
0.23223 6.60224 -0.25 6.39978e-15 8.65873e-08 2.79774e-16 
0.23223 6.60224 -0.25 6.39918e-15 8.65871e-08 2.7982e-16 
0.23223 6.60224 -0.25 6.39858e-15 8.65868e-08 2.79866e-16 
0.23223 6.60224 -0.25 6.39798e-15 8.65866e-08 2.79912e-16 
0.23223 6.60224 -0.25 6.39738e-15 8.65864e-08 2.79958e-16 
0.23223 6.60224 -0.25 6.39678e-15 8.65861e-08 2.80003e-16 
0.23223 6.60224 -0.25 6.39617e-15 8.65859e-08 2.80049e-16 
0.23223 6.60224 -0.25 6.39555e-15 8.65857e-08 2.80094e-16 
0.23223 6.60224 -0.25 6.39494e-15 8.65855e-08 2.8014e-16 
0.23223 6.60224 -0.25 6.39432e-15 8.65852e-08 2.80185e-16 
0.23223 6.60224 -0.25 6.3937e-15 8.6585e-08 2.8023e-16 
0.23223 6.60224 -0.25 6.39308e-15 8.65848e-08 2.80275e-16 
0.23223 6.60224 -0.25 6.39245e-15 8.65845e-08 2.8032e-16 
0.23223 6.60224 -0.25 6.39182e-15 8.65843e-08 2.80365e-16 
0.23223 6.60224 -0.25 6.39118e-15 8.65841e-08 2.80409e-16 
0.23223 6.60224 -0.25 6.39054e-15 8.65838e-08 2.80453e-16 
0.23223 6.60224 -0.25 6.38989e-15 8.65836e-08 2.80498e-16 
0.23223 6.60224 -0.25 6.38924e-15 8.65834e-08 2.80541e-16 
0.23223 6.60224 -0.25 6.38859e-15 8.65832e-08 2.80585e-16 
0.23223 6.60224 -0.25 6.38793e-15 8.65829e-08 2.80629e-16 
0.23223 6.60224 -0.25 6.38727e-15 8.65827e-08 2.80673e-16 
0.23223 6.60224 -0.25 6.38661e-15 8.65825e-08 2.80716e-16 
0.23223 6.60224 -0.25 6.38595e-15 8.65822e-08 2.8076e-16 
0.23223 6.60224 -0.25 6.38528e-15 8.6582e-08 2.80803e-16 
0.23223 6.60224 -0.25 6.38462e-15 8.65818e-08 2.80847e-16 
0.23223 6.60224 -0.25 6.38395e-15 8.65815e-08 2.8089e-16 
0.23223 6.60224 -0.25 6.38328e-15 8.65813e-08 2.80934e-16 
0.23223 6.60224 -0.25 6.38261e-15 8.65811e-08 2.80977e-16 
0.23223 6.60224 -0.25 6.38195e-15 8.65809e-08 2.8102e-16 
0.23223 6.60224 -0.25 6.38128e-15 8.65806e-08 2.81064e-16 
0.23223 6.60224 -0.25 6.38061e-15 8.65804e-08 2.81107e-16 
0.23223 6.60224 -0.25 6.37994e-15 8.65802e-08 2.81151e-16 
0.23223 6.60224 -0.25 6.37927e-15 8.65799e-08 2.81194e-16 
0.23223 6.60224 -0.25 6.37859e-15 8.65797e-08 2.81238e-16 
0.23223 6.60224 -0.25 6.37791e-15 8.65795e-08 2.81281e-16 
0.23223 6.60224 -0.25 6.37721e-15 8.65792e-08 2.81324e-16 
0.23223 6.60224 -0.25 6.37648e-15 8.6579e-08 2.81366e-16 
0.23223 6.60224 -0.25 6.37574e-15 8.65788e-08 2.81408e-16 
0.23223 6.60224 -0.25 6.37499e-15 8.65786e-08 2.8145e-16 
0.23223 6.60224 -0.25 6.37424e-15 8.65783e-08 2.81491e-16 
0.23223 6.60224 -0.25 6.37348e-15 8.65781e-08 2.81533e-16 
0.23223 6.60224 -0.25 6.37272e-15 8.65779e-08 2.81574e-16 
0.23223 6.60224 -0.25 6.37195e-15 8.65776e-08 2.81616e-16 
0.23223 6.60224 -0.25 6.37118e-15 8.65774e-08 2.81657e-16 
0.23223 6.60224 -0.25 6.3704e-15 8.65772e-08 2.81698e-16 
0.23223 6.60224 -0.25 6.36962e-15 8.65769e-08 2.81739e-16 
0.23223 6.60224 -0.25 6.36883e-15 8.65767e-08 2.81781e-16 
0.23223 6.60224 -0.25 6.36804e-15 8.65765e-08 2.81822e-16 
0.23223 6.60224 -0.25 6.36725e-15 8.65763e-08 2.81863e-16 
0.23223 6.60224 -0.25 6.36646e-15 8.6576e-08 2.81904e-16 
0.23223 6.60224 -0.25 6.36567e-15 8.65758e-08 2.81945e-16 
0.23223 6.60224 -0.25 6.36488e-15 8.65756e-08 2.81987e-16 
0.23223 6.60224 -0.25 6.36409e-15 8.65753e-08 2.82028e-16 
0.23223 6.60224 -0.25 6.3633e-15 8.65751e-08 2.8207e-16 
0.23223 6.60224 -0.25 6.36252e-15 8.65749e-08 2.82112e-16 
0.23223 6.60224 -0.25 6.36173e-15 8.65746e-08 2.82154e-16 
0.23223 6.60224 -0.25 6.36095e-15 8.65744e-08 2.82196e-16 
0.23223 6.60224 -0.25 6.36018e-15 8.65742e-08 2.82238e-16 
0.23223 6.60224 -0.25 6.3594e-15 8.6574e-08 2.82281e-16 
0.23223 6.60224 -0.25 6.35863e-15 8.65737e-08 2.82323e-16 
0.23223 6.60224 -0.25 6.35786e-15 8.65735e-08 2.82366e-16 
0.23223 6.60224 -0.25 6.3571e-15 8.65733e-08 2.8241e-16 
0.23223 6.60224 -0.25 6.35634e-15 8.6573e-08 2.82453e-16 
0.23223 6.60224 -0.25 6.35558e-15 8.65728e-08 2.82496e-16 
0.23223 6.60224 -0.25 6.35482e-15 8.65726e-08 2.8254e-16 
0.23223 6.60224 -0.25 6.35406e-15 8.65723e-08 2.82584e-16 
0.23223 6.60224 -0.25 6.35331e-15 8.65721e-08 2.82628e-16 
0.23223 6.60224 -0.25 6.35256e-15 8.65719e-08 2.82672e-16 
0.23223 6.60224 -0.25 6.35181e-15 8.65717e-08 2.82716e-16 
0.23223 6.60224 -0.25 6.35107e-15 8.65714e-08 2.8276e-16 
0.23223 6.60224 -0.25 6.35033e-15 8.65712e-08 2.82804e-16 
0.23223 6.60224 -0.25 6.34958e-15 8.6571e-08 2.82849e-16 
0.23223 6.60224 -0.25 6.34884e-15 8.65707e-08 2.82893e-16 
0.23223 6.60224 -0.25 6.3481e-15 8.65705e-08 2.82938e-16 
0.23223 6.60224 -0.25 6.34737e-15 8.65703e-08 2.82982e-16 
0.23223 6.60224 -0.25 6.34663e-15 8.657e-08 2.83027e-16 
0.23223 6.60224 -0.25 6.34589e-15 8.65698e-08 2.83072e-16 
0.23223 6.60224 -0.25 6.34516e-15 8.65696e-08 2.83117e-16 
0.23223 6.60224 -0.25 6.34442e-15 8.65694e-08 2.83162e-16 
0.23223 6.60224 -0.25 6.34369e-15 8.65691e-08 2.83207e-16 
0.23223 6.60224 -0.25 6.34296e-15 8.65689e-08 2.83252e-16 
0.23223 6.60224 -0.25 6.34222e-15 8.65687e-08 2.83297e-16 
0.23223 6.60224 -0.25 6.34149e-15 8.65684e-08 2.83342e-16 
0.23223 6.60224 -0.25 6.34076e-15 8.65682e-08 2.83387e-16 
0.23223 6.60224 -0.25 6.34003e-15 8.6568e-08 2.83432e-16 
0.23223 6.60224 -0.25 6.33931e-15 8.65678e-08 2.83478e-16 
0.23223 6.60224 -0.25 6.33859e-15 8.65675e-08 2.83524e-16 
0.23223 6.60224 -0.25 6.33789e-15 8.65673e-08 2.8357e-16 
0.23223 6.60224 -0.25 6.33718e-15 8.65671e-08 2.83617e-16 
0.23223 6.60224 -0.25 6.33648e-15 8.65668e-08 2.83664e-16 
0.23223 6.60224 -0.25 6.33578e-15 8.65666e-08 2.83711e-16 
0.23223 6.60224 -0.25 6.33509e-15 8.65664e-08 2.83758e-16 
0.23223 6.60224 -0.25 6.3344e-15 8.65661e-08 2.83805e-16 
0.23223 6.60224 -0.25 6.33371e-15 8.65659e-08 2.83853e-16 
0.23223 6.60224 -0.25 6.33303e-15 8.65657e-08 2.839e-16 
0.23223 6.60224 -0.25 6.33234e-15 8.65654e-08 2.83948e-16 
0.23223 6.60224 -0.25 6.33166e-15 8.65652e-08 2.83996e-16 
0.23223 6.60224 -0.25 6.33098e-15 8.6565e-08 2.84044e-16 
0.23223 6.60224 -0.25 6.33031e-15 8.65648e-08 2.84092e-16 
0.23223 6.60224 -0.25 6.32963e-15 8.65645e-08 2.8414e-16 
0.23223 6.60224 -0.25 6.32895e-15 8.65643e-08 2.84188e-16 
0.23223 6.60224 -0.25 6.32828e-15 8.65641e-08 2.84237e-16 
0.23223 6.60224 -0.25 6.3276e-15 8.65638e-08 2.84285e-16 
0.23223 6.60224 -0.25 6.32693e-15 8.65636e-08 2.84333e-16 
0.23223 6.60224 -0.25 6.32625e-15 8.65634e-08 2.84382e-16 
0.23223 6.60224 -0.25 6.32558e-15 8.65632e-08 2.8443e-16 
0.23223 6.60224 -0.25 6.32491e-15 8.65629e-08 2.84479e-16 
0.23223 6.60224 -0.25 6.32424e-15 8.65627e-08 2.84528e-16 
0.23223 6.60224 -0.25 6.32358e-15 8.65625e-08 2.84577e-16 
0.23223 6.60224 -0.25 6.32292e-15 8.65622e-08 2.84626e-16 
0.23223 6.60224 -0.25 6.32225e-15 8.6562e-08 2.84675e-16 
0.23223 6.60224 -0.25 6.32159e-15 8.65618e-08 2.84724e-16 
0.23223 6.60224 -0.25 6.32094e-15 8.65615e-08 2.84774e-16 
0.23223 6.60224 -0.25 6.32028e-15 8.65613e-08 2.84824e-16 
0.23223 6.60224 -0.25 6.31963e-15 8.65611e-08 2.84873e-16 
0.23223 6.60224 -0.25 6.31898e-15 8.65609e-08 2.84923e-16 
0.23223 6.60224 -0.25 6.31833e-15 8.65606e-08 2.84974e-16 
0.23223 6.60224 -0.25 6.31769e-15 8.65604e-08 2.85024e-16 
0.23223 6.60224 -0.25 6.31705e-15 8.65602e-08 2.85074e-16 
0.23223 6.60224 -0.25 6.3164e-15 8.65599e-08 2.85125e-16 
0.23223 6.60224 -0.25 6.31576e-15 8.65597e-08 2.85175e-16 
0.23223 6.60224 -0.25 6.31512e-15 8.65595e-08 2.85226e-16 
0.23223 6.60224 -0.25 6.31448e-15 8.65592e-08 2.85276e-16 
0.23223 6.60224 -0.25 6.31384e-15 8.6559e-08 2.85327e-16 
0.23223 6.60224 -0.25 6.3132e-15 8.65588e-08 2.85378e-16 
0.23223 6.60224 -0.25 6.31256e-15 8.65586e-08 2.85428e-16 
0.23223 6.60224 -0.25 6.31192e-15 8.65583e-08 2.85479e-16 
0.23223 6.60224 -0.25 6.31129e-15 8.65581e-08 2.8553e-16 
0.23223 6.60224 -0.25 6.31065e-15 8.65579e-08 2.85581e-16 
0.23223 6.60224 -0.25 6.31001e-15 8.65576e-08 2.85631e-16 
0.23223 6.60224 -0.25 6.30938e-15 8.65574e-08 2.85682e-16 
0.23223 6.60224 -0.25 6.30874e-15 8.65572e-08 2.85733e-16 
0.23223 6.60224 -0.25 6.30811e-15 8.65569e-08 2.85784e-16 
0.23223 6.60224 -0.25 6.30747e-15 8.65567e-08 2.85835e-16 
0.23223 6.60224 -0.25 6.30684e-15 8.65565e-08 2.85886e-16 
0.23223 6.60224 -0.25 6.3062e-15 8.65563e-08 2.85937e-16 
0.23223 6.60224 -0.25 6.30557e-15 8.6556e-08 2.85988e-16 
0.23223 6.60224 -0.25 6.30494e-15 8.65558e-08 2.86039e-16 
0.23223 6.60224 -0.25 6.30432e-15 8.65556e-08 2.8609e-16 
0.23223 6.60224 -0.25 6.3037e-15 8.65553e-08 2.86142e-16 
0.23223 6.60224 -0.25 6.30308e-15 8.65551e-08 2.86193e-16 
0.23223 6.60224 -0.25 6.30246e-15 8.65549e-08 2.86244e-16 
0.23223 6.60224 -0.25 6.30184e-15 8.65546e-08 2.86296e-16 
0.23223 6.60224 -0.25 6.30122e-15 8.65544e-08 2.86347e-16 
0.23223 6.60224 -0.25 6.3006e-15 8.65542e-08 2.86398e-16 
0.23223 6.60224 -0.25 6.29998e-15 8.6554e-08 2.8645e-16 
0.23223 6.60224 -0.25 6.29937e-15 8.65537e-08 2.86502e-16 
0.23223 6.60224 -0.25 6.29875e-15 8.65535e-08 2.86553e-16 
0.23223 6.60224 -0.25 6.29813e-15 8.65533e-08 2.86605e-16 
0.23223 6.60224 -0.25 6.29752e-15 8.6553e-08 2.86657e-16 
0.23223 6.60224 -0.25 6.29691e-15 8.65528e-08 2.86709e-16 
0.23223 6.60224 -0.25 6.29629e-15 8.65526e-08 2.86761e-16 
0.23223 6.60224 -0.25 6.29568e-15 8.65523e-08 2.86813e-16 
0.23223 6.60224 -0.25 6.29507e-15 8.65521e-08 2.86865e-16 
0.23223 6.60224 -0.25 6.29446e-15 8.65519e-08 2.86917e-16 
0.23223 6.60224 -0.25 6.29385e-15 8.65517e-08 2.86969e-16 
0.23223 6.60224 -0.25 6.29324e-15 8.65514e-08 2.87021e-16 
0.23223 6.60224 -0.25 6.29263e-15 8.65512e-08 2.87074e-16 
0.23223 6.60224 -0.25 6.29203e-15 8.6551e-08 2.87126e-16 
0.23223 6.60224 -0.25 6.29142e-15 8.65507e-08 2.87179e-16 
0.23223 6.60224 -0.25 6.29082e-15 8.65505e-08 2.87231e-16 
0.23223 6.60224 -0.25 6.29023e-15 8.65503e-08 2.87284e-16 
0.23223 6.60224 -0.25 6.28963e-15 8.65501e-08 2.87337e-16 
0.23223 6.60224 -0.25 6.28904e-15 8.65498e-08 2.8739e-16 
0.23223 6.60224 -0.25 6.28845e-15 8.65496e-08 2.87444e-16 
0.23223 6.60224 -0.25 6.28787e-15 8.65494e-08 2.87497e-16 
0.23223 6.60224 -0.25 6.28729e-15 8.65491e-08 2.87551e-16 
0.23223 6.60224 -0.25 6.2867e-15 8.65489e-08 2.87605e-16 
0.23223 6.60224 -0.25 6.28613e-15 8.65487e-08 2.87659e-16 
0.23223 6.60224 -0.25 6.28555e-15 8.65484e-08 2.87713e-16 
0.23223 6.60224 -0.25 6.28498e-15 8.65482e-08 2.87767e-16 
0.23223 6.60224 -0.25 6.28441e-15 8.6548e-08 2.87822e-16 
0.23223 6.60224 -0.25 6.28384e-15 8.65478e-08 2.87877e-16 
0.23223 6.60224 -0.25 6.28329e-15 8.65475e-08 2.87932e-16 
0.23223 6.60224 -0.25 6.28275e-15 8.65473e-08 2.87987e-16 
0.23223 6.60224 -0.25 6.28221e-15 8.65471e-08 2.88042e-16 
0.23223 6.60224 -0.25 6.28167e-15 8.65468e-08 2.88097e-16 
0.23223 6.60224 -0.25 6.28115e-15 8.65466e-08 2.88153e-16 
0.23223 6.60224 -0.25 6.28063e-15 8.65464e-08 2.88208e-16 
0.23223 6.60224 -0.25 6.28012e-15 8.65461e-08 2.88264e-16 
0.23223 6.60224 -0.25 6.27961e-15 8.65459e-08 2.8832e-16 
0.23223 6.60224 -0.25 6.27911e-15 8.65457e-08 2.88376e-16 
0.23223 6.60224 -0.25 6.2786e-15 8.65455e-08 2.88432e-16 
0.23223 6.60224 -0.25 6.27811e-15 8.65452e-08 2.88489e-16 
0.23223 6.60224 -0.25 6.27761e-15 8.6545e-08 2.88545e-16 
0.23223 6.60224 -0.25 6.2771e-15 8.65448e-08 2.88601e-16 
0.23223 6.60224 -0.25 6.27659e-15 8.65445e-08 2.88657e-16 
0.23223 6.60224 -0.25 6.27607e-15 8.65443e-08 2.88713e-16 
0.23223 6.60224 -0.25 6.27555e-15 8.65441e-08 2.88769e-16 
0.23223 6.60224 -0.25 6.27503e-15 8.65438e-08 2.88825e-16 
0.23223 6.60224 -0.25 6.2745e-15 8.65436e-08 2.88881e-16 
0.23223 6.60224 -0.25 6.27396e-15 8.65434e-08 2.88936e-16 
0.23223 6.60224 -0.25 6.27343e-15 8.65432e-08 2.88992e-16 
0.23223 6.60224 -0.25 6.27289e-15 8.65429e-08 2.89048e-16 
0.23223 6.60224 -0.25 6.27234e-15 8.65427e-08 2.89104e-16 
0.23223 6.60224 -0.25 6.2718e-15 8.65425e-08 2.89159e-16 
0.23223 6.60224 -0.25 6.27125e-15 8.65422e-08 2.89215e-16 
0.23223 6.60224 -0.25 6.2707e-15 8.6542e-08 2.8927e-16 
0.23223 6.60224 -0.25 6.27015e-15 8.65418e-08 2.89326e-16 
0.23223 6.60224 -0.25 6.26959e-15 8.65415e-08 2.89382e-16 
0.23223 6.60224 -0.25 6.26904e-15 8.65413e-08 2.89437e-16 
0.23223 6.60224 -0.25 6.26848e-15 8.65411e-08 2.89493e-16 
0.23223 6.60224 -0.25 6.26792e-15 8.65409e-08 2.89548e-16 
0.23223 6.60224 -0.25 6.26735e-15 8.65406e-08 2.89604e-16 
0.23223 6.60224 -0.25 6.26682e-15 8.65404e-08 2.8966e-16 
0.23223 6.60224 -0.25 6.2663e-15 8.65402e-08 2.89716e-16 
0.23223 6.60224 -0.25 6.26577e-15 8.65399e-08 2.89772e-16 
0.23223 6.60224 -0.25 6.26524e-15 8.65397e-08 2.89829e-16 
0.23223 6.60224 -0.25 6.26471e-15 8.65395e-08 2.89885e-16 
0.23223 6.60224 -0.25 6.26417e-15 8.65393e-08 2.89941e-16 
0.23223 6.60224 -0.25 6.26363e-15 8.6539e-08 2.89997e-16 
0.23223 6.60224 -0.25 6.26308e-15 8.65388e-08 2.90053e-16 
0.23223 6.60224 -0.25 6.26253e-15 8.65386e-08 2.90108e-16 
0.23223 6.60224 -0.25 6.26198e-15 8.65383e-08 2.90164e-16 
0.23223 6.60224 -0.25 6.26141e-15 8.65381e-08 2.9022e-16 
0.23223 6.60224 -0.25 6.26085e-15 8.65379e-08 2.90275e-16 
0.23223 6.60224 -0.25 6.26028e-15 8.65376e-08 2.9033e-16 
0.23223 6.60224 -0.25 6.25971e-15 8.65374e-08 2.90386e-16 
0.23223 6.60224 -0.25 6.25913e-15 8.65372e-08 2.90441e-16 
0.23223 6.60224 -0.25 6.25856e-15 8.6537e-08 2.90496e-16 
0.23223 6.60224 -0.25 6.25798e-15 8.65367e-08 2.90551e-16 
0.23223 6.60224 -0.25 6.2574e-15 8.65365e-08 2.90606e-16 
0.23223 6.60224 -0.25 6.25682e-15 8.65363e-08 2.90661e-16 
0.23223 6.60224 -0.25 6.25623e-15 8.6536e-08 2.90715e-16 
0.23223 6.60224 -0.25 6.25565e-15 8.65358e-08 2.9077e-16 
0.23223 6.60224 -0.25 6.25506e-15 8.65356e-08 2.90824e-16 
0.23223 6.60224 -0.25 6.25447e-15 8.65353e-08 2.90879e-16 
0.23223 6.60224 -0.25 6.25388e-15 8.65351e-08 2.90933e-16 
0.23223 6.60224 -0.25 6.25329e-15 8.65349e-08 2.90987e-16 
0.23223 6.60224 -0.25 6.2527e-15 8.65347e-08 2.91041e-16 
0.23223 6.60224 -0.25 6.2521e-15 8.65344e-08 2.91095e-16 
0.23223 6.60224 -0.25 6.25151e-15 8.65342e-08 2.91149e-16 
0.23223 6.60224 -0.25 6.25091e-15 8.6534e-08 2.91203e-16 
0.23223 6.60224 -0.25 6.25031e-15 8.65337e-08 2.91257e-16 
0.23223 6.60224 -0.25 6.24972e-15 8.65335e-08 2.9131e-16 
0.23223 6.60224 -0.25 6.24911e-15 8.65333e-08 2.91364e-16 
0.23223 6.60224 -0.25 6.24851e-15 8.6533e-08 2.91417e-16 
0.23223 6.60224 -0.25 6.24791e-15 8.65328e-08 2.91471e-16 
0.23223 6.60224 -0.25 6.24731e-15 8.65326e-08 2.91524e-16 
0.23223 6.60224 -0.25 6.2467e-15 8.65324e-08 2.91577e-16 
0.23223 6.60224 -0.25 6.2461e-15 8.65321e-08 2.9163e-16 
0.23223 6.60224 -0.25 6.24549e-15 8.65319e-08 2.91683e-16 
0.23223 6.60224 -0.25 6.24488e-15 8.65317e-08 2.91736e-16 
0.23223 6.60224 -0.25 6.24427e-15 8.65314e-08 2.91789e-16 
0.23223 6.60224 -0.25 6.24366e-15 8.65312e-08 2.91841e-16 
0.23223 6.60224 -0.25 6.24305e-15 8.6531e-08 2.91894e-16 
0.23223 6.60224 -0.25 6.24244e-15 8.65308e-08 2.91946e-16 
0.23223 6.60224 -0.25 6.24182e-15 8.65305e-08 2.91998e-16 
0.23223 6.60224 -0.25 6.24121e-15 8.65303e-08 2.92051e-16 
0.23223 6.60224 -0.25 6.24059e-15 8.65301e-08 2.92103e-16 
0.23223 6.60224 -0.25 6.23997e-15 8.65298e-08 2.92155e-16 
0.23223 6.60224 -0.25 6.23933e-15 8.65296e-08 2.92207e-16 
0.23223 6.60224 -0.25 6.23868e-15 8.65294e-08 2.92257e-16 
0.23223 6.60224 -0.25 6.238e-15 8.65291e-08 2.92308e-16 
0.23223 6.60224 -0.25 6.23731e-15 8.65289e-08 2.92358e-16 
0.23223 6.60224 -0.25 6.2366e-15 8.65287e-08 2.92407e-16 
0.23223 6.60224 -0.25 6.23588e-15 8.65285e-08 2.92456e-16 
0.23223 6.60224 -0.25 6.23515e-15 8.65282e-08 2.92504e-16 
0.23223 6.60224 -0.25 6.23442e-15 8.6528e-08 2.92553e-16 
0.23223 6.60224 -0.25 6.23368e-15 8.65278e-08 2.92601e-16 
0.23223 6.60224 -0.25 6.23293e-15 8.65275e-08 2.92648e-16 
0.23223 6.60224 -0.25 6.23217e-15 8.65273e-08 2.92695e-16 
0.23223 6.60224 -0.25 6.2314e-15 8.65271e-08 2.92742e-16 
0.23223 6.60224 -0.25 6.23064e-15 8.65268e-08 2.92788e-16 
0.23223 6.60224 -0.25 6.22986e-15 8.65266e-08 2.92833e-16 
0.23223 6.60224 -0.25 6.22908e-15 8.65264e-08 2.92878e-16 
0.23223 6.60224 -0.25 6.22829e-15 8.65262e-08 2.92923e-16 
0.23223 6.60224 -0.25 6.22749e-15 8.65259e-08 2.92968e-16 
0.23223 6.60224 -0.25 6.22669e-15 8.65257e-08 2.93012e-16 
0.23223 6.60224 -0.25 6.22588e-15 8.65255e-08 2.93056e-16 
0.23223 6.60224 -0.25 6.22507e-15 8.65252e-08 2.93099e-16 
0.23223 6.60224 -0.25 6.22426e-15 8.6525e-08 2.93142e-16 
0.23223 6.60224 -0.25 6.22343e-15 8.65248e-08 2.93186e-16 
0.23223 6.60224 -0.25 6.22261e-15 8.65246e-08 2.93229e-16 
0.23223 6.60224 -0.25 6.22179e-15 8.65243e-08 2.93271e-16 
0.23223 6.60224 -0.25 6.22097e-15 8.65241e-08 2.93314e-16 
0.23223 6.60224 -0.25 6.22014e-15 8.65239e-08 2.93357e-16 
0.23223 6.60224 -0.25 6.21931e-15 8.65236e-08 2.934e-16 
0.23223 6.60224 -0.25 6.21849e-15 8.65234e-08 2.93442e-16 
0.23223 6.60224 -0.25 6.21766e-15 8.65232e-08 2.93484e-16 
0.23223 6.60224 -0.25 6.21683e-15 8.65229e-08 2.93525e-16 
0.23223 6.60224 -0.25 6.21598e-15 8.65227e-08 2.93563e-16 
0.23223 6.60224 -0.25 6.21514e-15 8.65225e-08 2.93603e-16 
0.23223 6.60224 -0.25 6.21431e-15 8.65222e-08 2.93643e-16 
0.23223 6.60224 -0.25 6.21347e-15 8.6522e-08 2.93683e-16 
0.23223 6.60224 -0.25 6.21263e-15 8.65218e-08 2.93724e-16 
0.23223 6.60224 -0.25 6.2118e-15 8.65216e-08 2.93764e-16 
0.23223 6.60224 -0.25 6.21096e-15 8.65213e-08 2.93805e-16 
0.23223 6.60224 -0.25 6.21012e-15 8.65211e-08 2.93845e-16 
0.23223 6.60224 -0.25 6.20928e-15 8.65209e-08 2.93886e-16 
0.23223 6.60224 -0.25 6.20844e-15 8.65206e-08 2.93926e-16 
0.23223 6.60224 -0.25 6.2076e-15 8.65204e-08 2.93967e-16 
0.23223 6.60224 -0.25 6.20676e-15 8.65202e-08 2.94007e-16 
0.23223 6.60224 -0.25 6.20592e-15 8.652e-08 2.94047e-16 
0.23223 6.60224 -0.25 6.20508e-15 8.65197e-08 2.94087e-16 
0.23223 6.60224 -0.25 6.20423e-15 8.65195e-08 2.94127e-16 
0.23223 6.60224 -0.25 6.20339e-15 8.65193e-08 2.94167e-16 
0.23223 6.60224 -0.25 6.20254e-15 8.6519e-08 2.94207e-16 
0.23223 6.60224 -0.25 6.2017e-15 8.65188e-08 2.94247e-16 
0.23223 6.60224 -0.25 6.20085e-15 8.65186e-08 2.94287e-16 
0.23223 6.60224 -0.25 6.2e-15 8.65183e-08 2.94326e-16 
0.23223 6.60224 -0.25 6.19915e-15 8.65181e-08 2.94366e-16 
0.23223 6.60224 -0.25 6.1983e-15 8.65179e-08 2.94405e-16 
0.23223 6.60224 -0.25 6.19745e-15 8.65177e-08 2.94444e-16 
0.23223 6.60224 -0.25 6.19659e-15 8.65174e-08 2.94483e-16 
0.23223 6.60224 -0.25 6.19574e-15 8.65172e-08 2.94522e-16 
0.23223 6.60224 -0.25 6.19488e-15 8.6517e-08 2.94561e-16 
0.23223 6.60224 -0.25 6.19402e-15 8.65167e-08 2.946e-16 
0.23223 6.60224 -0.25 6.19316e-15 8.65165e-08 2.94639e-16 
0.23223 6.60224 -0.25 6.1923e-15 8.65163e-08 2.94678e-16 
0.23223 6.60224 -0.25 6.19144e-15 8.65161e-08 2.94716e-16 
0.23223 6.60224 -0.25 6.19058e-15 8.65158e-08 2.94755e-16 
0.23223 6.60224 -0.25 6.18972e-15 8.65156e-08 2.94793e-16 
0.23223 6.60224 -0.25 6.18886e-15 8.65154e-08 2.94831e-16 
0.23223 6.60224 -0.25 6.18801e-15 8.65151e-08 2.94869e-16 
0.23223 6.60224 -0.25 6.18715e-15 8.65149e-08 2.94907e-16 
0.23223 6.60224 -0.25 6.1863e-15 8.65147e-08 2.94945e-16 
0.23223 6.60224 -0.25 6.18544e-15 8.65144e-08 2.94983e-16 
0.23223 6.60224 -0.25 6.18459e-15 8.65142e-08 2.95021e-16 
0.23223 6.60224 -0.25 6.18374e-15 8.6514e-08 2.95059e-16 
0.23223 6.60224 -0.25 6.18289e-15 8.65138e-08 2.95096e-16 
0.23223 6.60224 -0.25 6.18204e-15 8.65135e-08 2.95134e-16 
0.23223 6.60224 -0.25 6.18119e-15 8.65133e-08 2.95171e-16 
0.23223 6.60224 -0.25 6.18034e-15 8.65131e-08 2.95209e-16 
0.23223 6.60224 -0.25 6.17949e-15 8.65128e-08 2.95246e-16 
0.23223 6.60224 -0.25 6.17864e-15 8.65126e-08 2.95283e-16 
0.23223 6.60224 -0.25 6.1778e-15 8.65124e-08 2.9532e-16 
0.23223 6.60224 -0.25 6.17695e-15 8.65121e-08 2.95357e-16 
0.23223 6.60224 -0.25 6.17611e-15 8.65119e-08 2.95394e-16 
0.23223 6.60224 -0.25 6.17526e-15 8.65117e-08 2.9543e-16 
0.23223 6.60224 -0.25 6.17442e-15 8.65115e-08 2.95467e-16 
0.23223 6.60224 -0.25 6.17358e-15 8.65112e-08 2.95504e-16 
0.23223 6.60224 -0.25 6.17273e-15 8.6511e-08 2.9554e-16 
0.23223 6.60224 -0.25 6.1719e-15 8.65108e-08 2.95577e-16 
0.23223 6.60224 -0.25 6.17106e-15 8.65105e-08 2.95613e-16 
0.23223 6.60224 -0.25 6.17023e-15 8.65103e-08 2.9565e-16 
0.23223 6.60224 -0.25 6.16941e-15 8.65101e-08 2.95687e-16 
0.23223 6.60224 -0.25 6.16858e-15 8.65098e-08 2.95724e-16 
0.23223 6.60224 -0.25 6.16776e-15 8.65096e-08 2.95761e-16 
0.23223 6.60224 -0.25 6.16694e-15 8.65094e-08 2.95797e-16 
0.23223 6.60224 -0.25 6.16613e-15 8.65092e-08 2.95834e-16 
0.23223 6.60224 -0.25 6.16531e-15 8.65089e-08 2.95871e-16 
0.23223 6.60224 -0.25 6.1645e-15 8.65087e-08 2.95908e-16 
0.23223 6.60224 -0.25 6.16369e-15 8.65085e-08 2.95944e-16 
0.23223 6.60224 -0.25 6.16289e-15 8.65082e-08 2.95981e-16 
0.23223 6.60224 -0.25 6.16208e-15 8.6508e-08 2.96018e-16 
0.23223 6.60224 -0.25 6.16128e-15 8.65078e-08 2.96055e-16 
0.23223 6.60224 -0.25 6.16048e-15 8.65076e-08 2.96091e-16 
0.23223 6.60224 -0.25 6.15968e-15 8.65073e-08 2.96128e-16 
0.23223 6.60224 -0.25 6.15888e-15 8.65071e-08 2.96165e-16 
0.23223 6.60224 -0.25 6.15809e-15 8.65069e-08 2.96201e-16 
0.23223 6.60224 -0.25 6.1573e-15 8.65066e-08 2.96238e-16 
0.23223 6.60224 -0.25 6.1565e-15 8.65064e-08 2.96274e-16 
0.23223 6.60224 -0.25 6.15571e-15 8.65062e-08 2.96311e-16 
0.23223 6.60224 -0.25 6.15492e-15 8.65059e-08 2.96347e-16 
0.23223 6.60224 -0.25 6.15409e-15 8.65057e-08 2.96382e-16 
0.23223 6.60224 -0.25 6.15322e-15 8.65055e-08 2.96416e-16 
0.23223 6.60224 -0.25 6.15233e-15 8.65053e-08 2.96449e-16 
0.23223 6.60224 -0.25 6.15143e-15 8.6505e-08 2.96481e-16 
0.23223 6.60224 -0.25 6.15052e-15 8.65048e-08 2.96513e-16 
0.23223 6.60224 -0.25 6.1496e-15 8.65046e-08 2.96545e-16 
0.23223 6.60224 -0.25 6.14868e-15 8.65043e-08 2.96577e-16 
0.23223 6.60224 -0.25 6.14775e-15 8.65041e-08 2.96608e-16 
0.23223 6.60224 -0.25 6.14681e-15 8.65039e-08 2.96639e-16 
0.23223 6.60224 -0.25 6.14586e-15 8.65036e-08 2.96669e-16 
0.23223 6.60224 -0.25 6.1449e-15 8.65034e-08 2.96699e-16 
0.23223 6.60224 -0.25 6.14394e-15 8.65032e-08 2.96729e-16 
0.23223 6.60224 -0.25 6.14297e-15 8.6503e-08 2.96758e-16 
0.23223 6.60224 -0.25 6.14199e-15 8.65027e-08 2.96787e-16 
0.23223 6.60224 -0.25 6.14101e-15 8.65025e-08 2.96816e-16 
0.23223 6.60224 -0.25 6.14004e-15 8.65023e-08 2.96845e-16 
0.23223 6.60224 -0.25 6.13907e-15 8.6502e-08 2.96874e-16 
0.23223 6.60224 -0.25 6.13812e-15 8.65018e-08 2.96903e-16 
0.23223 6.60224 -0.25 6.13716e-15 8.65016e-08 2.96932e-16 
0.23223 6.60224 -0.25 6.13622e-15 8.65014e-08 2.96961e-16 
0.23223 6.60224 -0.25 6.13528e-15 8.65011e-08 2.96991e-16 
0.23223 6.60224 -0.25 6.13435e-15 8.65009e-08 2.9702e-16 
0.23223 6.60224 -0.25 6.13343e-15 8.65007e-08 2.97049e-16 
0.23223 6.60224 -0.25 6.13252e-15 8.65004e-08 2.97079e-16 
0.23223 6.60224 -0.25 6.13161e-15 8.65002e-08 2.97108e-16 
0.23223 6.60224 -0.25 6.13071e-15 8.65e-08 2.97138e-16 
0.23223 6.60224 -0.25 6.12981e-15 8.64997e-08 2.97167e-16 
0.23223 6.60224 -0.25 6.12892e-15 8.64995e-08 2.97197e-16 
0.23223 6.60224 -0.25 6.12803e-15 8.64993e-08 2.97226e-16 
0.23223 6.60224 -0.25 6.12714e-15 8.64991e-08 2.97256e-16 
0.23223 6.60224 -0.25 6.12628e-15 8.64988e-08 2.97286e-16 
0.23223 6.60224 -0.25 6.12542e-15 8.64986e-08 2.97316e-16 
0.23223 6.60224 -0.25 6.12459e-15 8.64984e-08 2.97347e-16 
0.23223 6.60224 -0.25 6.12376e-15 8.64981e-08 2.97379e-16 
0.23223 6.60224 -0.25 6.12295e-15 8.64979e-08 2.9741e-16 
0.23223 6.60224 -0.25 6.12214e-15 8.64977e-08 2.97442e-16 
0.23223 6.60224 -0.25 6.12135e-15 8.64975e-08 2.97474e-16 
0.23223 6.60224 -0.25 6.12056e-15 8.64972e-08 2.97507e-16 
0.23223 6.60224 -0.25 6.11978e-15 8.6497e-08 2.97539e-16 
0.23223 6.60224 -0.25 6.11901e-15 8.64968e-08 2.97572e-16 
0.23223 6.60224 -0.25 6.11825e-15 8.64965e-08 2.97605e-16 
0.23223 6.60224 -0.25 6.1175e-15 8.64963e-08 2.97638e-16 
0.23223 6.60224 -0.25 6.11676e-15 8.64961e-08 2.97672e-16 
0.23223 6.60224 -0.25 6.11603e-15 8.64958e-08 2.97706e-16 
0.23223 6.60224 -0.25 6.1153e-15 8.64956e-08 2.97739e-16 
0.23223 6.60224 -0.25 6.11457e-15 8.64954e-08 2.97773e-16 
0.23223 6.60224 -0.25 6.11386e-15 8.64952e-08 2.97807e-16 
0.23223 6.60224 -0.25 6.11314e-15 8.64949e-08 2.97841e-16 
0.23223 6.60224 -0.25 6.11243e-15 8.64947e-08 2.97874e-16 
0.23223 6.60224 -0.25 6.11173e-15 8.64945e-08 2.97908e-16 
0.23223 6.60224 -0.25 6.11103e-15 8.64942e-08 2.97943e-16 
0.23223 6.60224 -0.25 6.11035e-15 8.6494e-08 2.97977e-16 
0.23223 6.60224 -0.25 6.10967e-15 8.64938e-08 2.98012e-16 
0.23223 6.60224 -0.25 6.10899e-15 8.64935e-08 2.98046e-16 
0.23223 6.60224 -0.25 6.10831e-15 8.64933e-08 2.98081e-16 
0.23223 6.60224 -0.25 6.10764e-15 8.64931e-08 2.98115e-16 
0.23223 6.60224 -0.25 6.10697e-15 8.64929e-08 2.9815e-16 
0.23223 6.60224 -0.25 6.1063e-15 8.64926e-08 2.98185e-16 
0.23223 6.60224 -0.25 6.10564e-15 8.64924e-08 2.98219e-16 
0.23223 6.60224 -0.25 6.10498e-15 8.64922e-08 2.98254e-16 
0.23223 6.60224 -0.25 6.10432e-15 8.64919e-08 2.98288e-16 
0.23223 6.60224 -0.25 6.10367e-15 8.64917e-08 2.98323e-16 
0.23223 6.60224 -0.25 6.10302e-15 8.64915e-08 2.98357e-16 
0.23223 6.60224 -0.25 6.10237e-15 8.64912e-08 2.98392e-16 
0.23223 6.60224 -0.25 6.10174e-15 8.6491e-08 2.98428e-16 
0.23223 6.60224 -0.25 6.10113e-15 8.64908e-08 2.98464e-16 
0.23223 6.60224 -0.25 6.10053e-15 8.64906e-08 2.985e-16 
0.23223 6.60224 -0.25 6.09994e-15 8.64903e-08 2.98537e-16 
0.23223 6.60224 -0.25 6.09936e-15 8.64901e-08 2.98575e-16 
0.23223 6.60224 -0.25 6.09879e-15 8.64899e-08 2.98613e-16 
0.23223 6.60224 -0.25 6.09823e-15 8.64896e-08 2.98651e-16 
0.23223 6.60224 -0.25 6.09767e-15 8.64894e-08 2.98689e-16 
0.23223 6.60224 -0.25 6.09712e-15 8.64892e-08 2.98727e-16 
0.23223 6.60224 -0.25 6.09657e-15 8.6489e-08 2.98765e-16 
0.23223 6.60224 -0.25 6.09603e-15 8.64887e-08 2.98803e-16 
0.23223 6.60224 -0.25 6.09549e-15 8.64885e-08 2.98842e-16 
0.23223 6.60224 -0.25 6.09496e-15 8.64883e-08 2.9888e-16 
0.23223 6.60224 -0.25 6.09443e-15 8.6488e-08 2.98919e-16 
0.23223 6.60224 -0.25 6.0939e-15 8.64878e-08 2.98957e-16 
0.23223 6.60224 -0.25 6.09338e-15 8.64876e-08 2.98996e-16 
0.23223 6.60224 -0.25 6.09287e-15 8.64873e-08 2.99034e-16 
0.23223 6.60224 -0.25 6.09235e-15 8.64871e-08 2.99073e-16 
0.23223 6.60224 -0.25 6.09185e-15 8.64869e-08 2.99112e-16 
0.23223 6.60224 -0.25 6.09134e-15 8.64867e-08 2.99151e-16 
0.23223 6.60224 -0.25 6.09084e-15 8.64864e-08 2.9919e-16 
0.23223 6.60224 -0.25 6.09035e-15 8.64862e-08 2.99228e-16 
0.23223 6.60224 -0.25 6.08985e-15 8.6486e-08 2.99267e-16 
0.23223 6.60224 -0.25 6.08937e-15 8.64857e-08 2.99306e-16 
0.23223 6.60224 -0.25 6.08888e-15 8.64855e-08 2.99345e-16 
0.23223 6.60224 -0.25 6.0884e-15 8.64853e-08 2.99385e-16 
0.23223 6.60224 -0.25 6.08793e-15 8.64851e-08 2.99424e-16 
0.23223 6.60224 -0.25 6.08746e-15 8.64848e-08 2.99463e-16 
0.23223 6.60224 -0.25 6.087e-15 8.64846e-08 2.99502e-16 
0.23223 6.60224 -0.25 6.08654e-15 8.64844e-08 2.99541e-16 
0.23223 6.60224 -0.25 6.08608e-15 8.64841e-08 2.99581e-16 
0.23223 6.60224 -0.25 6.08563e-15 8.64839e-08 2.9962e-16 
0.23223 6.60224 -0.25 6.08519e-15 8.64837e-08 2.99659e-16 
0.23223 6.60224 -0.25 6.08475e-15 8.64834e-08 2.99698e-16 
0.23223 6.60224 -0.25 6.08431e-15 8.64832e-08 2.99737e-16 
0.23223 6.60224 -0.25 6.08387e-15 8.6483e-08 2.99777e-16 
0.23223 6.60224 -0.25 6.08343e-15 8.64828e-08 2.99816e-16 
0.23223 6.60224 -0.25 6.083e-15 8.64825e-08 2.99854e-16 
0.23223 6.60224 -0.25 6.08257e-15 8.64823e-08 2.99893e-16 
0.23223 6.60224 -0.25 6.08214e-15 8.64821e-08 2.99932e-16 
0.23223 6.60224 -0.25 6.08171e-15 8.64818e-08 2.99971e-16 
0.23223 6.60224 -0.25 6.08129e-15 8.64816e-08 3.00009e-16 
0.23223 6.60224 -0.25 6.08087e-15 8.64814e-08 3.00048e-16 
0.23223 6.60224 -0.25 6.08045e-15 8.64812e-08 3.00086e-16 
0.23223 6.60224 -0.25 6.08002e-15 8.64809e-08 3.00124e-16 
0.23223 6.60224 -0.25 6.07958e-15 8.64807e-08 3.00161e-16 
0.23223 6.60224 -0.25 6.07915e-15 8.64805e-08 3.00199e-16 
0.23223 6.60224 -0.25 6.07871e-15 8.64802e-08 3.00236e-16 
0.23223 6.60224 -0.25 6.07827e-15 8.648e-08 3.00272e-16 
0.23223 6.60224 -0.25 6.07782e-15 8.64798e-08 3.00309e-16 
0.23223 6.60224 -0.25 6.07739e-15 8.64795e-08 3.00345e-16 
0.23223 6.60224 -0.25 6.07695e-15 8.64793e-08 3.00382e-16 
0.23223 6.60224 -0.25 6.07651e-15 8.64791e-08 3.00418e-16 
0.23223 6.60224 -0.25 6.07607e-15 8.64789e-08 3.00453e-16 
0.23223 6.60224 -0.25 6.07563e-15 8.64786e-08 3.00489e-16 
0.23223 6.60224 -0.25 6.07519e-15 8.64784e-08 3.00525e-16 
0.23223 6.60224 -0.25 6.07476e-15 8.64782e-08 3.0056e-16 
0.23223 6.60224 -0.25 6.07432e-15 8.64779e-08 3.00595e-16 
0.23223 6.60224 -0.25 6.07388e-15 8.64777e-08 3.0063e-16 
0.23223 6.60224 -0.25 6.07345e-15 8.64775e-08 3.00665e-16 
0.23223 6.60224 -0.25 6.07301e-15 8.64773e-08 3.007e-16 
0.23223 6.60224 -0.25 6.07258e-15 8.6477e-08 3.00734e-16 
0.23223 6.60224 -0.25 6.07214e-15 8.64768e-08 3.00769e-16 
0.23223 6.60224 -0.25 6.07171e-15 8.64766e-08 3.00803e-16 
0.23223 6.60224 -0.25 6.07127e-15 8.64763e-08 3.00837e-16 
0.23223 6.60224 -0.25 6.07084e-15 8.64761e-08 3.0087e-16 
0.23223 6.60224 -0.25 6.0704e-15 8.64759e-08 3.00904e-16 
0.23223 6.60224 -0.25 6.06996e-15 8.64756e-08 3.00937e-16 
0.23223 6.60224 -0.25 6.06953e-15 8.64754e-08 3.0097e-16 
0.23223 6.60224 -0.25 6.06909e-15 8.64752e-08 3.01003e-16 
0.23223 6.60224 -0.25 6.06865e-15 8.6475e-08 3.01036e-16 
0.23223 6.60224 -0.25 6.06821e-15 8.64747e-08 3.01069e-16 
0.23223 6.60224 -0.25 6.06777e-15 8.64745e-08 3.01101e-16 
0.23223 6.60224 -0.25 6.06733e-15 8.64743e-08 3.01133e-16 
0.23223 6.60224 -0.25 6.06689e-15 8.6474e-08 3.01166e-16 
0.23223 6.60224 -0.25 6.06645e-15 8.64738e-08 3.01197e-16 
0.23223 6.60224 -0.25 6.06601e-15 8.64736e-08 3.01229e-16 
0.23223 6.60224 -0.25 6.06557e-15 8.64733e-08 3.01261e-16 
0.23223 6.60224 -0.25 6.06512e-15 8.64731e-08 3.01292e-16 
0.23223 6.60224 -0.25 6.06468e-15 8.64729e-08 3.01323e-16 
0.23223 6.60224 -0.25 6.06424e-15 8.64727e-08 3.01354e-16 
0.23223 6.60224 -0.25 6.06379e-15 8.64724e-08 3.01385e-16 
0.23223 6.60224 -0.25 6.06334e-15 8.64722e-08 3.01416e-16 
0.23223 6.60224 -0.25 6.06289e-15 8.6472e-08 3.01446e-16 
0.23223 6.60224 -0.25 6.06243e-15 8.64717e-08 3.01476e-16 
0.23223 6.60224 -0.25 6.06197e-15 8.64715e-08 3.01506e-16 
0.23223 6.60224 -0.25 6.0615e-15 8.64713e-08 3.01535e-16 
0.23223 6.60224 -0.25 6.06104e-15 8.6471e-08 3.01565e-16 
0.23223 6.60224 -0.25 6.06057e-15 8.64708e-08 3.01594e-16 
0.23223 6.60224 -0.25 6.0601e-15 8.64706e-08 3.01623e-16 
0.23223 6.60224 -0.25 6.05962e-15 8.64704e-08 3.01651e-16 
0.23223 6.60224 -0.25 6.05915e-15 8.64701e-08 3.0168e-16 
0.23223 6.60224 -0.25 6.05867e-15 8.64699e-08 3.01708e-16 
0.23223 6.60224 -0.25 6.0582e-15 8.64697e-08 3.01736e-16 
0.23223 6.60224 -0.25 6.05774e-15 8.64694e-08 3.01765e-16 
0.23223 6.60224 -0.25 6.05729e-15 8.64692e-08 3.01792e-16 
0.23223 6.60224 -0.25 6.05683e-15 8.6469e-08 3.0182e-16 
0.23223 6.60224 -0.25 6.05639e-15 8.64688e-08 3.01848e-16 
0.23223 6.60224 -0.25 6.05594e-15 8.64685e-08 3.01876e-16 
0.23223 6.60224 -0.25 6.0555e-15 8.64683e-08 3.01903e-16 
0.23223 6.60224 -0.25 6.05507e-15 8.64681e-08 3.01931e-16 
0.23223 6.60224 -0.25 6.05463e-15 8.64678e-08 3.01958e-16 
0.23223 6.60224 -0.25 6.0542e-15 8.64676e-08 3.01985e-16 
0.23223 6.60224 -0.25 6.05377e-15 8.64674e-08 3.02012e-16 
0.23223 6.60224 -0.25 6.05334e-15 8.64671e-08 3.02039e-16 
0.23223 6.60224 -0.25 6.05292e-15 8.64669e-08 3.02066e-16 
0.23223 6.60224 -0.25 6.05249e-15 8.64667e-08 3.02093e-16 
0.23223 6.60224 -0.25 6.05207e-15 8.64665e-08 3.02119e-16 
0.23223 6.60224 -0.25 6.05165e-15 8.64662e-08 3.02146e-16 
0.23223 6.60224 -0.25 6.05123e-15 8.6466e-08 3.02172e-16 
0.23223 6.60224 -0.25 6.05081e-15 8.64658e-08 3.02198e-16 
0.23223 6.60224 -0.25 6.05039e-15 8.64655e-08 3.02225e-16 
0.23223 6.60224 -0.25 6.04998e-15 8.64653e-08 3.02251e-16 
0.23223 6.60224 -0.25 6.04956e-15 8.64651e-08 3.02277e-16 
0.23223 6.60224 -0.25 6.04915e-15 8.64649e-08 3.02303e-16 
0.23223 6.60224 -0.25 6.04874e-15 8.64646e-08 3.02329e-16 
0.23223 6.60224 -0.25 6.04833e-15 8.64644e-08 3.02355e-16 
0.23223 6.60224 -0.25 6.04792e-15 8.64642e-08 3.0238e-16 
0.23223 6.60224 -0.25 6.04751e-15 8.64639e-08 3.02406e-16 
0.23223 6.60224 -0.25 6.0471e-15 8.64637e-08 3.02431e-16 
0.23223 6.60224 -0.25 6.04669e-15 8.64635e-08 3.02457e-16 
0.23223 6.60224 -0.25 6.04628e-15 8.64632e-08 3.02482e-16 
0.23223 6.60224 -0.25 6.04588e-15 8.6463e-08 3.02507e-16 
0.23223 6.60224 -0.25 6.04547e-15 8.64628e-08 3.02533e-16 
0.23223 6.60224 -0.25 6.04506e-15 8.64626e-08 3.02558e-16 
