0.001
-1.42459 0.912212 0 0.574348 1.44174 0 0 0 0 
-1.30223 -0.010368 0 3.53147 0.894338 0 0 0 0 
-1.01269 -0.233081 0 7.29092 0.755243 0 0 0 0 
-2.71176 1.71815 0 -0.388733 2.83082 0 0 0 0 
-2.6678 0.296964 0 2.23173 2.23804 0 0 0 0 
-2.24414 -0.204491 0 6.4816 1.92792 0 0 0 0 
-3.47967 2.43714 0 -0.868209 3.99083 0 0 0 0 
-3.7042 0.581703 0 0.750781 3.68828 0 0 0 0 
-3.17978 -0.149199 0 4.75996 2.99804 0 0 0 0 
-3.98534 2.60278 0 -1.56949 4.32902 0 0 0 0 
-4.35669 0.875413 0 -0.42884 4.19987 0 0 0 0 
-3.90788 -0.00606327 0 3.37651 3.7106 0 0 0 0 
-4.26509 2.81685 0 -1.91889 4.69423 0 0 0 0 
-4.84951 1.10062 0 -1.43699 4.83515 0 0 0 0 
-4.47165 0.12435 0 1.94214 4.36636 0 0 0 0 
-4.44223 2.87176 0 -2.26669 4.805 0 0 0 0 
-5.17941 1.29671 0 -2.19966 5.14189 0 0 0 0 
-4.91303 0.26408 0 0.846087 4.83813 0 0 0 0 
-4.53882 2.95395 0 -2.45896 4.93741 0 0 0 0 
-5.43702 1.45181 0 -2.82714 5.47858 0 0 0 0 
-5.26795 0.386467 0 -0.147184 5.25212 0 0 0 0 
-4.60345 2.98077 0 -2.64089 4.98038 0 0 0 0 
-5.62613 1.58663 0 -3.32695 5.68385 0 0 0 0 
-5.55998 0.503809 0 -0.947632 5.57585 0 0 0 0 
-4.64137 3.01814 0 -2.75997 5.03303 0 0 0 0 
-5.78264 1.69925 0 -3.74974 5.88848 0 0 0 0 
-5.80783 0.608476 0 -1.6613 5.8608 0 0 0 0 
-4.67065 3.03579 0 -2.87148 5.05428 0 0 0 0 
-5.90969 1.79897 0 -4.1071 6.03788 0 0 0 0 
-6.02285 0.706032 0 -2.2693 6.09962 0 0 0 0 
-4.69201 3.05797 0 -2.95668 5.0807 0 0 0 0 
-6.02177 1.88621 0 -4.42085 6.18104 0 0 0 0 
-6.21443 0.794665 0 -2.81722 6.31397 0 0 0 0 
-4.71053 3.07436 0 -3.034 5.09871 0 0 0 0 
-6.1215 1.96495 0 -4.69723 6.29974 0 0 0 0 
-6.38883 0.877044 0 -3.30459 6.50336 0 0 0 0 
-4.72665 3.09175 0 -3.09699 5.11709 0 0 0 0 
-6.21484 2.0362 0 -4.94674 6.40935 0 0 0 0 
-6.55036 0.953226 0 -3.75329 6.67607 0 0 0 0 
-4.74483 3.10677 0 -3.15667 5.13159 0 0 0 0 
-6.30261 2.10222 0 -5.17539 6.50641 0 0 0 0 
-6.70164 1.02447 0 -4.16425 6.83389 0 0 0 0 
-4.76461 3.12363 0 -3.2106 5.14876 0 0 0 0 
-6.38758 2.16364 0 -5.38818 6.5999 0 0 0 0 
-6.84539 1.09097 0 -4.54769 6.98176 0 0 0 0 
-4.78669 3.14082 0 -3.26203 5.16674 0 0 0 0 
-6.47061 2.2216 0 -5.58764 6.68804 0 0 0 0 
-6.98344 1.15359 0 -4.9062 7.12083 0 0 0 0 
-4.81103 3.15965 0 -3.31034 5.18733 0 0 0 0 
-6.5529 2.2766 0 -5.7765 6.77416 0 0 0 0 
-7.11713 1.21264 0 -5.24502 7.25335 0 0 0 0 
-4.83781 3.1795 0 -3.35689 5.20973 0 0 0 0 
-6.6348 2.32925 0 -5.95633 6.85779 0 0 0 0 
-7.24734 1.26862 0 -5.56616 7.38017 0 0 0 0 
-4.86685 3.20082 0 -3.40151 5.2345 0 0 0 0 
-6.71677 2.37982 0 -6.12863 6.94038 0 0 0 0 
-7.37473 1.32177 0 -5.8726 7.50244 0 0 0 0 
-4.89813 3.22286 0 -3.44518 5.26062 0 0 0 0 
-6.79894 2.42866 0 -6.29415 7.02102 0 0 0 0 
-7.5 1.3725 0 -6.16549 7.62038 0 0 0 0 
-4.93163 3.24631 0 -3.4877 5.2891 0 0 0 0 
-6.88164 2.4761 0 -6.45428 7.10122 0 0 0 0 
-7.62339 1.42101 0 -6.44702 7.73516 0 0 0 0 
-4.96849 3.26918 0 -3.52999 5.31578 0 0 0 0 
-6.96461 2.52258 0 -6.61072 7.17943 0 0 0 0 
-7.74442 1.46759 0 -6.7193 7.84659 0 0 0 0 
-5.00468 3.29374 0 -3.56854 5.34626 0 0 0 0 
-7.04879 2.56728 0 -6.76027 7.25578 0 0 0 0 
-7.86498 1.51243 0 -6.98237 7.95493 0 0 0 0 
-5.04268 3.31971 0 -3.60639 5.37901 0 0 0 0 
-7.13329 2.61088 0 -6.90552 7.33245 0 0 0 0 
-7.98409 1.55538 0 -7.23618 8.06086 0 0 0 0 
-5.08241 3.34682 0 -3.64372 5.41359 0 0 0 0 
-7.21805 2.65348 0 -7.04703 7.40939 0 0 0 0 
-8.10176 1.59661 0 -7.48159 8.16459 0 0 0 0 
-5.12364 3.37478 0 -3.68055 5.4496 0 0 0 0 
-7.30295 2.69515 0 -7.18493 7.4862 0 0 0 0 
-8.21799 1.63627 0 -7.71905 8.26613 0 0 0 0 
-5.16608 3.40344 0 -3.71678 5.48679 0 0 0 0 
-7.3878 2.73586 0 -7.31925 7.56259 0 0 0 0 
-8.33259 1.67438 0 -7.949 8.36529 0 0 0 0 
-5.20948 3.43258 0 -3.7523 5.5248 0 0 0 0 
-7.47232 2.77558 0 -7.44993 7.63823 0 0 0 0 
-8.44535 1.71102 0 -8.1715 8.46193 0 0 0 0 
-5.2535 3.46202 0 -3.78701 5.56335 0 0 0 0 
-7.55615 2.81427 0 -7.57681 7.71285 0 0 0 0 
-8.55595 1.74622 0 -8.3864 8.55597 0 0 0 0 
-5.29783 3.49156 0 -3.82081 5.60217 0 0 0 0 
-7.63901 2.85188 0 -7.69978 7.78625 0 0 0 0 
-8.66421 1.78 0 -8.59378 8.6473 0 0 0 0 
-5.34223 3.52107 0 -3.85365 5.64104 0 0 0 0 
-7.72066 2.88838 0 -7.81879 7.8582 0 0 0 0 
-8.76994 1.8124 0 -8.79369 8.73583 0 0 0 0 
-5.3865 3.5504 0 -3.88546 5.67974 0 0 0 0 
-7.80087 2.92375 0 -7.93375 7.92853 0 0 0 0 
-8.87294 1.84342 0 -8.98616 8.82144 0 0 0 0 
-5.43042 3.57944 0 -3.91617 5.71809 0 0 0 0 
-7.8794 2.95792 0 -8.0446 7.99703 0 0 0 0 
-8.973 1.8731 0 -9.17118 8.90401 0 0 0 0 
-5.47379 3.60804 0 -3.94574 5.75588 0 0 0 0 
-7.95603 2.99088 0 -8.15123 8.06353 0 0 0 0 
-9.06993 1.90143 0 -9.3487 8.98344 0 0 0 0 
-5.5164 3.63609 0 -3.97407 5.79292 0 0 0 0 
-8.03051 3.02255 0 -8.25355 8.12778 0 0 0 0 
-9.16348 1.92841 0 -9.51881 9.05942 0 0 0 0 
-5.55807 3.66345 0 -4.00108 5.82898 0 0 0 0 
-8.10261 3.05287 0 -8.35141 8.1895 0 0 0 0 
-9.25341 1.95401 0 -9.68137 9.13177 0 0 0 0 
-5.59857 3.69003 0 -4.02663 5.8639 0 0 0 0 
-8.17208 3.0818 0 -8.44469 8.24856 0 0 0 0 
-9.33952 1.97824 0 -9.83634 9.20033 0 0 0 0 
-5.63783 3.71538 0 -4.051 5.89724 0 0 0 0 
-8.23863 3.1093 0 -8.53311 8.30425 0 0 0 0 
-9.42157 2.00116 0 -9.98308 9.26492 0 0 0 0 
-5.67548 3.74001 0 -4.07352 5.92934 0 0 0 0 
-8.30217 3.13527 0 -8.6168 8.35741 0 0 0 0 
-9.49935 2.02264 0 -10.1223 9.32566 0 0 0 0 
-5.71143 3.76339 0 -4.09457 5.95968 0 0 0 0 
-8.36237 3.1597 0 -8.69559 8.40724 0 0 0 0 
-9.57264 2.04275 0 -10.2536 9.38227 0 0 0 0 
-5.74548 3.78559 0 -4.11391 5.98825 0 0 0 0 
-8.41907 3.18255 0 -8.76937 8.45387 0 0 0 0 
-9.64128 2.06147 0 -10.3769 9.43473 0 0 0 0 
-5.77747 3.80635 0 -4.13163 6.0148 0 0 0 0 
-8.47199 3.20377 0 -8.83798 8.49693 0 0 0 0 
-9.705 2.07881 0 -10.4919 9.48288 0 0 0 0 
-5.80717 3.82564 0 -4.14763 6.03923 0 0 0 0 
-8.52091 3.22331 0 -8.90126 8.53638 0 0 0 0 
-9.76361 2.09475 0 -10.5984 9.52669 0 0 0 0 
-5.83446 3.84333 0 -4.16189 6.06138 0 0 0 0 
-8.56572 3.24115 0 -8.9592 8.57207 0 0 0 0 
-9.81706 2.10931 0 -10.6967 9.56603 0 0 0 0 
-5.8594 3.85947 0 -4.17444 6.0813 0 0 0 0 
-8.60666 3.25737 0 -9.0121 8.60417 0 0 0 0 
-9.86579 2.12258 0 -10.7874 9.60122 0 0 0 0 
-5.88212 3.87432 0 -4.1852 6.09924 0 0 0 0 
-8.64403 3.27204 0 -9.06035 8.63317 0 0 0 0 
-9.91007 2.13457 0 -10.8711 9.63257 0 0 0 0 
-5.90289 3.88765 0 -4.1947 6.11512 0 0 0 0 
-8.6779 3.28529 0 -9.10412 8.65868 0 0 0 0 
-9.95001 2.14544 0 -10.9478 9.66005 0 0 0 0 
-5.92156 3.89966 0 -4.20267 6.12908 0 0 0 0 
-8.70828 3.2971 0 -9.14341 8.68105 0 0 0 0 
-9.98557 2.15515 0 -11.0175 9.68381 0 0 0 0 
-5.93811 3.91022 0 -4.20923 6.141 0 0 0 0 
-8.73508 3.30749 0 -9.17828 8.70013 0 0 0 0 
-10.0167 2.16375 0 -11.0804 9.70384 0 0 0 0 
-5.95252 3.91941 0 -4.21434 6.15095 0 0 0 0 
-8.75834 3.31646 0 -9.2088 8.71604 0 0 0 0 
-10.0435 2.17123 0 -11.1366 9.72023 0 0 0 0 
-5.9647 3.92711 0 -4.21803 6.1588 0 0 0 0 
-8.77797 3.32403 0 -9.23492 8.72872 0 0 0 0 
-10.0659 2.17765 0 -11.186 9.733 0 0 0 0 
-5.97465 3.93337 0 -4.22033 6.1646 0 0 0 0 
-8.794 3.33021 0 -9.25675 8.73826 0 0 0 0 
-10.084 2.18303 0 -11.2288 9.74226 0 0 0 0 
-5.98236 3.93817 0 -4.22126 6.16834 0 0 0 0 
-8.80643 3.33503 0 -9.27434 8.74468 0 0 0 0 
-10.0978 2.18738 0 -11.265 9.74807 0 0 0 0 
-5.98781 3.94152 0 -4.22085 6.17004 0 0 0 0 
-8.81528 3.33851 0 -9.28779 8.74804 0 0 0 0 
-10.1073 2.19073 0 -11.2949 9.75053 0 0 0 0 
-5.99102 3.94341 0 -4.21915 6.16971 0 0 0 0 
-8.82058 3.34068 0 -9.29717 8.74839 0 0 0 0 
-10.1126 2.19312 0 -11.3185 9.74973 0 0 0 0 
-5.992 3.94386 0 -4.2162 6.16736 0 0 0 0 
-8.82237 3.34157 0 -9.30255 8.74579 0 0 0 0 
-10.1138 2.19458 0 -11.3359 9.74577 0 0 0 0 
-5.99077 3.9429 0 -4.21203 6.16307 0 0 0 0 
-8.82076 3.34122 0 -9.3041 8.74036 0 0 0 0 
-10.111 2.19515 0 -11.3474 9.7388 0 0 0 0 
-5.98753 3.94063 0 -4.20678 6.15697 0 0 0 0 
-8.81619 3.33979 0 -9.30231 8.73246 0 0 0 0 
-10.105 2.19497 0 -11.354 9.72934 0 0 0 0 
-5.9826 3.93728 0 -4.20062 6.1494 0 0 0 0 
-8.80905 3.33743 0 -9.2976 8.72246 0 0 0 0 
-10.096 2.19413 0 -11.3561 9.71772 0 0 0 0 
-5.97609 3.93291 0 -4.19366 6.14046 0 0 0 0 
-8.79942 3.33418 0 -9.29009 8.71045 0 0 0 0 
-10.0841 2.19264 0 -11.3537 9.704 0 0 0 0 
-5.96799 3.92753 0 -4.18592 6.13016 0 0 0 0 
-8.78733 3.33006 0 -9.27986 8.69651 0 0 0 0 
-10.0694 2.19052 0 -11.3469 9.68828 0 0 0 0 
-5.95833 3.92115 0 -4.17744 6.11854 0 0 0 0 
-8.77285 3.32512 0 -9.267 8.68071 0 0 0 0 
-10.0519 2.18783 0 -11.3359 9.67067 0 0 0 0 
-5.94715 3.9138 0 -4.16828 6.10565 0 0 0 0 
-8.75605 3.31938 0 -9.25162 8.66314 0 0 0 0 
-10.0318 2.18457 0 -11.3209 9.6513 0 0 0 0 
-5.93448 3.9055 0 -4.15848 6.09154 0 0 0 0 
-8.73699 3.31289 0 -9.23381 8.64389 0 0 0 0 
-10.0092 2.1808 0 -11.3019 9.63026 0 0 0 0 
-5.92037 3.8963 0 -4.14808 6.07625 0 0 0 0 
-8.71576 3.30567 0 -9.21369 8.62304 0 0 0 0 
-9.98412 2.17653 0 -11.279 9.60769 0 0 0 0 
-5.90485 3.88621 0 -4.13713 6.05983 0 0 0 0 
-8.69242 3.29777 0 -9.19135 8.60069 0 0 0 0 
-9.9567 2.17179 0 -11.2526 9.5837 0 0 0 0 
-5.88797 3.87527 0 -4.12567 6.04236 0 0 0 0 
-8.66708 3.28924 0 -9.16691 8.57693 0 0 0 0 
-9.92706 2.16664 0 -11.2225 9.5584 0 0 0 0 
-5.86974 3.86356 0 -4.11373 6.02393 0 0 0 0 
-8.63979 3.28009 0 -9.1404 8.5519 0 0 0 0 
-9.89532 2.16108 0 -11.1891 9.53193 0 0 0 0 
-5.85036 3.85098 0 -4.10146 6.00441 0 0 0 0 
-8.6107 3.27039 0 -9.11218 8.52558 0 0 0 0 
-9.86156 2.15515 0 -11.1526 9.50438 0 0 0 0 
-5.82931 3.83768 0 -4.08865 5.98434 0 0 0 0 
-8.57968 3.26018 0 -9.08128 8.4979 0 0 0 0 
-9.82603 2.14897 0 -11.1121 9.4758 0 0 0 0 
-5.80798 3.82362 0 -4.07584 5.9628 0 0 0 0 
-8.54745 3.24953 0 -9.05028 8.46963 0 0 0 0 
-9.78886 2.14244 0 -11.0703 9.44669 0 0 0 0 
-5.78529 3.80913 0 -4.06276 5.94126 0 0 0 0 
-8.51394 3.23858 0 -9.01729 8.4406 0 0 0 0 
-9.75077 2.1358 0 -11.0258 9.41722 0 0 0 0 
-5.76222 3.7943 0 -4.04959 5.91903 0 0 0 0 
-8.47959 3.22737 0 -8.98392 8.41142 0 0 0 0 
-9.71159 2.12893 0 -10.9799 9.38758 0 0 0 0 
-5.73802 3.7792 0 -4.03622 5.89695 0 0 0 0 
-8.44422 3.21594 0 -8.9489 8.38179 0 0 0 0 
-9.67167 2.122 0 -10.9316 9.35779 0 0 0 0 
-5.71392 3.76353 0 -4.02323 5.87384 0 0 0 0 
-8.4082 3.20432 0 -8.91427 8.3519 0 0 0 0 
-9.63075 2.11489 0 -10.8826 9.32793 0 0 0 0 
-5.68887 3.74749 0 -4.01021 5.85079 0 0 0 0 
-8.37121 3.19253 0 -8.87821 8.32149 0 0 0 0 
-9.58909 2.10775 0 -10.8312 9.29797 0 0 0 0 
-5.66332 3.7313 0 -3.99711 5.82742 0 0 0 0 
-8.33352 3.18056 0 -8.84169 8.29117 0 0 0 0 
-9.54667 2.10047 0 -10.7786 9.26813 0 0 0 0 
-5.63715 3.71474 0 -3.98407 5.80382 0 0 0 0 
-8.29501 3.16839 0 -8.8044 8.2606 0 0 0 0 
-9.50349 2.09308 0 -10.7244 9.2383 0 0 0 0 
-5.60997 3.69813 0 -3.97077 5.78055 0 0 0 0 
-8.25581 3.15615 0 -8.76578 8.23006 0 0 0 0 
-9.45992 2.08571 0 -10.6683 9.20875 0 0 0 0 
-5.58336 3.68085 0 -3.95838 5.75614 0 0 0 0 
-8.21621 3.14385 0 -8.72829 8.19933 0 0 0 0 
-9.41563 2.07827 0 -10.6121 9.1794 0 0 0 0 
-5.55628 3.66317 0 -3.94631 5.73164 0 0 0 0 
-8.17606 3.13151 0 -8.69019 8.16829 0 0 0 0 
-9.37101 2.07091 0 -10.5544 9.15036 0 0 0 0 
-5.52767 3.64616 0 -3.9333 5.70847 0 0 0 0 
-8.13543 3.11917 0 -8.65007 8.13814 0 0 0 0 
-9.32645 2.06359 0 -10.4947 9.12201 0 0 0 0 
-5.50003 3.62839 0 -3.92154 5.684 0 0 0 0 
-8.09467 3.10685 0 -8.61172 8.10789 0 0 0 0 
-9.28139 2.05626 0 -10.4355 9.09408 0 0 0 0 
-5.47214 3.61031 0 -3.91027 5.65952 0 0 0 0 
-8.05363 3.09459 0 -8.57316 8.07755 0 0 0 0 
-9.23631 2.04906 0 -10.3754 9.06669 0 0 0 0 
-5.44306 3.5929 0 -3.89826 5.63639 0 0 0 0 
-8.0124 3.08242 0 -8.53307 8.04825 0 0 0 0 
-9.19156 2.04197 0 -10.3138 9.04022 0 0 0 0 
-5.4148 3.57503 0 -3.88736 5.61248 0 0 0 0 
-7.97127 3.07037 0 -8.49454 8.01918 0 0 0 0 
-9.14672 2.03494 0 -10.2528 9.01445 0 0 0 0 
-5.38645 3.55701 0 -3.87697 5.58874 0 0 0 0 
-7.9301 3.05846 0 -8.45606 7.99032 0 0 0 0 
-9.10208 2.02808 0 -10.1912 8.98941 0 0 0 0 
-5.35729 3.53954 0 -3.86616 5.56614 0 0 0 0 
-7.88891 3.04669 0 -8.41658 7.96247 0 0 0 0 
-9.05785 2.02136 0 -10.1286 8.96537 0 0 0 0 
-5.32799 3.52221 0 -3.85558 5.54397 0 0 0 0 
-7.84782 3.03509 0 -8.37715 7.93534 0 0 0 0 
-9.01397 2.01479 0 -10.0657 8.94231 0 0 0 0 
-5.30037 3.50407 0 -3.84699 5.52031 0 0 0 0 
-7.80708 3.02367 0 -8.34073 7.90823 0 0 0 0 
-8.97 2.00831 0 -10.0044 8.92 0 0 0 0 
-5.27279 3.48578 0 -3.83911 5.49686 0 0 0 0 
-7.76647 3.01245 0 -8.30455 7.8813 0 0 0 0 
-8.92649 2.00207 0 -9.94259 8.89858 0 0 0 0 
-5.24416 3.46841 0 -3.8304 5.4752 0 0 0 0 
-7.72609 3.00146 0 -8.26696 7.85585 0 0 0 0 
-8.88382 1.99604 0 -9.87984 8.87848 0 0 0 0 
-5.21542 3.45142 0 -3.82184 5.45434 0 0 0 0 
-7.68607 2.99076 0 -8.22945 7.83148 0 0 0 0 
-8.84185 1.99022 0 -9.81714 8.8596 0 0 0 0 
-5.18687 3.43463 0 -3.81374 5.434 0 0 0 0 
-7.64651 2.98034 0 -8.1925 7.80802 0 0 0 0 
-8.80059 1.98463 0 -9.75478 8.84195 0 0 0 0 
-5.15961 3.4175 0 -3.80725 5.41301 0 0 0 0 
-7.60755 2.97021 0 -8.15797 7.78507 0 0 0 0 
-8.75978 1.97923 0 -9.69389 8.82541 0 0 0 0 
-5.13266 3.40046 0 -3.8015 5.39247 0 0 0 0 
-7.56909 2.9604 0 -8.12411 7.76276 0 0 0 0 
-8.7198 1.97411 0 -9.6332 8.81004 0 0 0 0 
-5.10537 3.38413 0 -3.79551 5.37331 0 0 0 0 
-7.53122 2.95092 0 -8.0899 7.74184 0 0 0 0 
-8.68088 1.96926 0 -9.5725 8.79613 0 0 0 0 
-5.07831 3.3682 0 -3.78987 5.35498 0 0 0 0 
-7.49403 2.94181 0 -8.05625 7.72211 0 0 0 0 
-8.64295 1.96468 0 -9.51238 8.7836 0 0 0 0 
-5.05166 3.3526 0 -3.7848 5.33731 0 0 0 0 
-7.45758 2.93307 0 -8.02347 7.70346 0 0 0 0 
-8.60602 1.96037 0 -9.45303 8.77244 0 0 0 0 
-5.0264 3.33681 0 -3.78139 5.31919 0 0 0 0 
-7.422 2.92468 0 -7.99332 7.6855 0 0 0 0 
-8.56988 1.9563 0 -9.39559 8.76257 0 0 0 0 
-5.00163 3.32127 0 -3.77877 5.30169 0 0 0 0 
-7.38719 2.91669 0 -7.96405 7.66839 0 0 0 0 
-8.53485 1.95256 0 -9.33874 8.75401 0 0 0 0 
-4.97674 3.30652 0 -3.77593 5.2857 0 0 0 0 
-7.35325 2.90912 0 -7.93469 7.65285 0 0 0 0 
-8.50117 1.94914 0 -9.28229 8.74706 0 0 0 0 
-4.95213 3.29233 0 -3.77331 5.2707 0 0 0 0 
-7.32018 2.90201 0 -7.90577 7.6386 0 0 0 0 
-8.46872 1.94605 0 -9.22638 8.74155 0 0 0 0 
-4.92856 3.27822 0 -3.77199 5.25592 0 0 0 0 
-7.2881 2.89533 0 -7.87877 7.62525 0 0 0 0 
-8.43744 1.94326 0 -9.17215 8.73751 0 0 0 0 
-4.90524 3.26484 0 -3.77076 5.24248 0 0 0 0 
-7.25707 2.88909 0 -7.8523 7.61347 0 0 0 0 
-8.40758 1.94081 0 -9.11886 8.73507 0 0 0 0 
-4.8826 3.25192 0 -3.77019 5.22987 0 0 0 0 
-7.22708 2.8833 0 -7.82705 7.603 0 0 0 0 
-8.37902 1.93867 0 -9.0669 8.73415 0 0 0 0 
-4.86146 3.23899 0 -3.77142 5.21699 0 0 0 0 
-7.19822 2.87792 0 -7.80473 7.59334 0 0 0 0 
-8.3515 1.93681 0 -9.01722 8.73457 0 0 0 0 
-4.84044 3.22679 0 -3.77258 5.20555 0 0 0 0 
-7.17033 2.873 0 -7.78248 7.58513 0 0 0 0 
-8.32545 1.93528 0 -8.96808 8.73653 0 0 0 0 
-4.82024 3.21492 0 -3.77467 5.19473 0 0 0 0 
-7.14355 2.86857 0 -7.76167 7.57801 0 0 0 0 
-8.30078 1.93409 0 -8.92041 8.74002 0 0 0 0 
-4.80039 3.20381 0 -3.7768 5.1853 0 0 0 0 
-7.11795 2.86462 0 -7.74144 7.57248 0 0 0 0 
-8.27769 1.93326 0 -8.87393 8.7451 0 0 0 0 
-4.78208 3.19282 0 -3.78071 5.17576 0 0 0 0 
-7.09358 2.86107 0 -7.72426 7.56797 0 0 0 0 
-8.25577 1.93268 0 -8.83016 8.75156 0 0 0 0 
-4.76342 3.18293 0 -3.78358 5.16854 0 0 0 0 
-7.0704 2.85807 0 -7.70593 7.56516 0 0 0 0 
-8.23574 1.9325 0 -8.78639 8.75964 0 0 0 0 
-4.74686 3.17295 0 -3.78906 5.16062 0 0 0 0 
-7.04859 2.85556 0 -7.69174 7.56323 0 0 0 0 
-8.21696 1.93262 0 -8.74608 8.76917 0 0 0 0 
-4.72984 3.16416 0 -3.79319 5.15521 0 0 0 0 
-7.02796 2.85357 0 -7.67599 7.56305 0 0 0 0 
-8.19996 1.93318 0 -8.70536 8.78036 0 0 0 0 
-4.71485 3.15528 0 -3.79998 5.1491 0 0 0 0 
-7.00857 2.85204 0 -7.66444 7.56371 0 0 0 0 
-8.18407 1.93395 0 -8.66806 8.79278 0 0 0 0 
-4.6994 3.14748 0 -3.8054 5.14531 0 0 0 0 
-6.99029 2.851 0 -7.65131 7.56601 0 0 0 0 
-8.16988 1.93515 0 -8.63033 8.80686 0 0 0 0 
-4.68586 3.13964 0 -3.81338 5.14092 0 0 0 0 
-6.97325 2.8504 0 -7.64222 7.56918 0 0 0 0 
-8.15687 1.93658 0 -8.59601 8.82218 0 0 0 0 
-4.67201 3.13283 0 -3.82009 5.13877 0 0 0 0 
-6.95739 2.85031 0 -7.63178 7.57397 0 0 0 0 
-8.14559 1.93843 0 -8.56146 8.83914 0 0 0 0 
-4.66002 3.12605 0 -3.82928 5.13614 0 0 0 0 
-6.9428 2.85068 0 -7.62523 7.57968 0 0 0 0 
-8.13552 1.94054 0 -8.53024 8.85738 0 0 0 0 
-4.64775 3.12034 0 -3.83718 5.13577 0 0 0 0 
-6.92943 2.85155 0 -7.61743 7.58703 0 0 0 0 
-8.12728 1.94303 0 -8.49904 8.87714 0 0 0 0 
-4.6376 3.11472 0 -3.84776 5.13486 0 0 0 0 
-6.91779 2.85297 0 -7.61412 7.59547 0 0 0 0 
-8.12089 1.94587 0 -8.47231 8.8985 0 0 0 0 
-4.62755 3.11038 0 -3.85696 5.13655 0 0 0 0 
-6.90782 2.85501 0 -7.60974 7.60573 0 0 0 0 
-8.11659 1.94915 0 -8.44599 8.9214 0 0 0 0 
-4.61967 3.10629 0 -3.86876 5.1379 0 0 0 0 
-6.89958 2.85758 0 -7.60979 7.61707 0 0 0 0 
-8.11404 1.95269 0 -8.42406 8.94559 0 0 0 0 
-4.61195 3.10342 0 -3.87917 5.14167 0 0 0 0 
-6.89308 2.86076 0 -7.60888 7.63019 0 0 0 0 
-8.11371 1.9567 0 -8.40282 8.9714 0 0 0 0 
-4.60644 3.10085 0 -3.89216 5.1452 0 0 0 0 
-6.88836 2.86449 0 -7.61239 7.64442 0 0 0 0 
-8.11511 1.96099 0 -8.38592 8.9985 0 0 0 0 
-4.6011 3.09952 0 -3.90369 5.15115 0 0 0 0 
-6.8854 2.86884 0 -7.61495 7.66041 0 0 0 0 
-8.11881 1.9657 0 -8.36994 9.02704 0 0 0 0 
-4.59805 3.09848 0 -3.91793 5.15678 0 0 0 0 
-6.88429 2.87369 0 -7.62208 7.67739 0 0 0 0 
-8.12419 1.9707 0 -8.3583 9.05686 0 0 0 0 
-4.59515 3.09872 0 -3.93054 5.16494 0 0 0 0 
-6.88494 2.87915 0 -7.62815 7.69615 0 0 0 0 
-8.13191 1.97609 0 -8.34762 9.08804 0 0 0 0 
-4.59455 3.09921 0 -3.94594 5.17259 0 0 0 0 
-6.88734 2.88511 0 -7.63882 7.71581 0 0 0 0 
-8.14118 1.98175 0 -8.34131 9.12038 0 0 0 0 
-4.59399 3.10087 0 -3.95955 5.18267 0 0 0 0 
-6.89121 2.89161 0 -7.64794 7.73702 0 0 0 0 
-8.15228 1.98777 0 -8.33506 9.15385 0 0 0 0 
-4.59548 3.10266 0 -3.9759 5.19209 0 0 0 0 
-6.89656 2.89845 0 -7.66157 7.75884 0 0 0 0 
-8.16465 1.99396 0 -8.33301 9.18817 0 0 0 0 
-4.59676 3.1056 0 -3.99012 5.20399 0 0 0 0 
-6.90329 2.90578 0 -7.67329 7.78216 0 0 0 0 
-8.17894 2.00046 0 -8.33107 9.2235 0 0 0 0 
-4.60019 3.1086 0 -4.00728 5.21496 0 0 0 0 
-6.91148 2.91346 0 -7.6897 7.80596 0 0 0 0 
-8.19441 2.00716 0 -8.33338 9.25968 0 0 0 0 
-4.60368 3.11287 0 -4.02233 5.2286 0 0 0 0 
-6.92157 2.92181 0 -7.70457 7.83165 0 0 0 0 
-8.21262 2.0143 0 -8.33693 9.29716 0 0 0 0 
-4.60987 3.11764 0 -4.04032 5.24186 0 0 0 0 
-6.93404 2.93074 0 -7.72487 7.85839 0 0 0 0 
-8.2331 2.02172 0 -8.34649 9.3358 0 0 0 0 
-4.6167 3.12393 0 -4.05635 5.25798 0 0 0 0 
-6.94897 2.94037 0 -7.74428 7.88698 0 0 0 0 
-8.25644 2.0296 0 -8.3577 9.37564 0 0 0 0 
-4.62638 3.13073 0 -4.07551 5.27362 0 0 0 0 
-6.96632 2.95055 0 -7.76938 7.91651 0 0 0 0 
-8.28194 2.03774 0 -8.37502 9.41651 0 0 0 0 
-4.63678 3.13896 0 -4.09285 5.29178 0 0 0 0 
-6.98588 2.96145 0 -7.79349 7.94778 0 0 0 0 
-8.31009 2.0463 0 -8.39365 9.45835 0 0 0 0 
-4.64905 3.14802 0 -4.11126 5.31067 0 0 0 0 
-7.00761 2.97285 0 -7.82059 7.98011 0 0 0 0 
-8.34024 2.05508 0 -8.41651 9.50088 0 0 0 0 
-4.66275 3.15794 0 -4.12992 5.33055 0 0 0 0 
-7.03131 2.98471 0 -7.84944 8.01346 0 0 0 0 
-8.37241 2.06408 0 -8.44262 9.54402 0 0 0 0 
-4.67788 3.1687 0 -4.14883 5.35138 0 0 0 0 
-7.05696 2.99704 0 -7.88005 8.04779 0 0 0 0 
-8.40654 2.07332 0 -8.47198 9.58774 0 0 0 0 
-4.69439 3.1803 0 -4.16793 5.37315 0 0 0 0 
-7.08455 3.0098 0 -7.91236 8.08307 0 0 0 0 
-8.44263 2.08277 0 -8.50455 9.63199 0 0 0 0 
-4.71229 3.19272 0 -4.18721 5.39583 0 0 0 0 
-7.11403 3.023 0 -7.94633 8.11926 0 0 0 0 
-8.48062 2.09242 0 -8.54028 9.67669 0 0 0 0 
-4.73154 3.20594 0 -4.20664 5.41938 0 0 0 0 
-7.14538 3.03663 0 -7.98191 8.1563 0 0 0 0 
-8.52047 2.10228 0 -8.57914 9.7218 0 0 0 0 
-4.75214 3.21997 0 -4.22619 5.4438 0 0 0 0 
-7.17857 3.05065 0 -8.01907 8.19417 0 0 0 0 
-8.56215 2.11231 0 -8.62111 9.76726 0 0 0 0 
-4.77408 3.2348 0 -4.24586 5.46907 0 0 0 0 
-7.21364 3.06508 0 -8.05785 8.23286 0 0 0 0 
-8.60572 2.12253 0 -8.66631 9.81307 0 0 0 0 
-4.79754 3.25057 0 -4.26557 5.49542 0 0 0 0 
-7.25116 3.08004 0 -8.09876 8.27273 0 0 0 0 
-8.6521 2.13303 0 -8.71638 9.85958 0 0 0 0 
-4.82307 3.26754 0 -4.28559 5.52303 0 0 0 0 
-7.29149 3.09565 0 -8.14213 8.31388 0 0 0 0 
-8.70129 2.14385 0 -8.77103 9.9067 0 0 0 0 
-4.85056 3.28574 0 -4.3057 5.55202 0 0 0 0 
-7.33456 3.11188 0 -8.18772 8.35633 0 0 0 0 
-8.7532 2.15495 0 -8.83015 9.95443 0 0 0 0 
-4.88 3.3051 0 -4.32602 5.58224 0 0 0 0 
-7.38031 3.1287 0 -8.23567 8.39993 0 0 0 0 
-8.80775 2.16631 0 -8.89379 10.0026 0 0 0 0 
-4.91136 3.32558 0 -4.34648 5.61365 0 0 0 0 
-7.42859 3.14607 0 -8.28573 8.44465 0 0 0 0 
-8.86476 2.17792 0 -8.96156 10.0512 0 0 0 0 
-4.94452 3.34714 0 -4.36703 5.6461 0 0 0 0 
-7.47933 3.16395 0 -8.33787 8.4903 0 0 0 0 
-8.92418 2.18974 0 -9.03359 10.1001 0 0 0 0 
-4.97947 3.36972 0 -4.38765 5.6796 0 0 0 0 
-7.53245 3.1823 0 -8.39204 8.53685 0 0 0 0 
-8.98584 2.20175 0 -9.10968 10.1491 0 0 0 0 
-5.01609 3.3933 0 -4.40825 5.71405 0 0 0 0 
-7.58779 3.2011 0 -8.44801 8.58416 0 0 0 0 
-9.04964 2.21392 0 -9.1896 10.1982 0 0 0 0 
-5.05435 3.41782 0 -4.42889 5.74943 0 0 0 0 
-7.64531 3.22031 0 -8.50583 8.63228 0 0 0 0 
-9.11553 2.22627 0 -9.27325 10.2474 0 0 0 0 
-5.09418 3.44326 0 -4.44952 5.78572 0 0 0 0 
-7.70495 3.23995 0 -8.5654 8.68117 0 0 0 0 
-9.18348 2.23879 0 -9.36053 10.2968 0 0 0 0 
-5.1355 3.46959 0 -4.47016 5.82289 0 0 0 0 
-7.76662 3.26 0 -8.62663 8.7308 0 0 0 0 
-9.25337 2.25148 0 -9.4513 10.3463 0 0 0 0 
-5.17832 3.49679 0 -4.4908 5.8609 0 0 0 0 
-7.83023 3.28042 0 -8.68946 8.78112 0 0 0 0 
-9.3251 2.2643 0 -9.54538 10.3959 0 0 0 0 
-5.22251 3.5248 0 -4.51141 5.89972 0 0 0 0 
-7.8957 3.30119 0 -8.75384 8.83206 0 0 0 0 
-9.39859 2.27725 0 -9.64277 10.4455 0 0 0 0 
-5.26801 3.55358 0 -4.53192 5.93924 0 0 0 0 
-7.96292 3.32227 0 -8.81959 8.88351 0 0 0 0 
-9.47371 2.2903 0 -9.74318 10.495 0 0 0 0 
-5.3148 3.5831 0 -4.55234 5.97941 0 0 0 0 
-8.03178 3.34364 0 -8.8866 8.93541 0 0 0 0 
-9.55032 2.30343 0 -9.84645 10.5443 0 0 0 0 
-5.36279 3.6133 0 -4.57267 6.0202 0 0 0 0 
-8.1022 3.36525 0 -8.95494 8.9877 0 0 0 0 
-9.62836 2.31662 0 -9.95259 10.5934 0 0 0 0 
-5.41182 3.64409 0 -4.59276 6.06145 0 0 0 0 
-8.17388 3.38701 0 -9.02415 9.04006 0 0 0 0 
-9.70734 2.32978 0 -10.061 10.6418 0 0 0 0 
-5.4617 3.67535 0 -4.61252 6.10297 0 0 0 0 
-8.24654 3.40885 0 -9.09397 9.09237 0 0 0 0 
-9.78708 2.3429 0 -10.1711 10.6896 0 0 0 0 
-5.51228 3.70699 0 -4.63201 6.14473 0 0 0 0 
-8.32007 3.43074 0 -9.16442 9.14463 0 0 0 0 
-9.8675 2.35599 0 -10.283 10.7368 0 0 0 0 
-5.56347 3.73897 0 -4.65122 6.18667 0 0 0 0 
-8.39431 3.45267 0 -9.23532 9.19678 0 0 0 0 
-9.94843 2.36902 0 -10.3963 10.7835 0 0 0 0 
-5.6152 3.77122 0 -4.67012 6.2287 0 0 0 0 
-8.46914 3.4746 0 -9.30653 9.24872 0 0 0 0 
-10.0298 2.38197 0 -10.5109 10.8294 0 0 0 0 
-5.66737 3.8037 0 -4.6887 6.27078 0 0 0 0 
-8.54448 3.49649 0 -9.378 9.30037 0 0 0 0 
-10.1114 2.39482 0 -10.6265 10.8746 0 0 0 0 
-5.71991 3.83636 0 -4.7069 6.31283 0 0 0 0 
-8.62016 3.51831 0 -9.44954 9.35167 0 0 0 0 
-10.1931 2.40756 0 -10.743 10.919 0 0 0 0 
-5.77271 3.86914 0 -4.72471 6.35478 0 0 0 0 
-8.6961 3.54002 0 -9.52115 9.40252 0 0 0 0 
-10.2749 2.42016 0 -10.8603 10.9624 0 0 0 0 
-5.82564 3.90195 0 -4.74207 6.39652 0 0 0 0 
-8.77191 3.56152 0 -9.59235 9.45268 0 0 0 0 
-10.3561 2.43253 0 -10.9775 11.0047 0 0 0 0 
-5.87836 3.93459 0 -4.75888 6.43781 0 0 0 0 
-8.84724 3.58271 0 -9.66292 9.50193 0 0 0 0 
-10.4366 2.44465 0 -11.0942 11.0457 0 0 0 0 
-5.93074 3.96696 0 -4.7751 6.47851 0 0 0 0 
-8.9219 3.60355 0 -9.73261 9.55016 0 0 0 0 
-10.516 2.45648 0 -11.2101 11.0853 0 0 0 0 
-5.98268 3.99902 0 -4.79073 6.51856 0 0 0 0 
-8.9958 3.62399 0 -9.80138 9.59729 0 0 0 0 
-10.5944 2.46801 0 -11.3253 11.1235 0 0 0 0 
-6.0341 4.0307 0 -4.80571 6.55792 0 0 0 0 
-9.06879 3.64401 0 -9.86908 9.64324 0 0 0 0 
-10.6716 2.47923 0 -11.4393 11.1601 0 0 0 0 
-6.0849 4.06196 0 -4.82004 6.59649 0 0 0 0 
-9.14075 3.66358 0 -9.9356 9.68794 0 0 0 0 
-10.7475 2.49011 0 -11.552 11.1952 0 0 0 0 
-6.13498 4.09273 0 -4.83366 6.6342 0 0 0 0 
-9.2115 3.68263 0 -10.0008 9.73124 0 0 0 0 
-10.8217 2.5006 0 -11.6632 11.2286 0 0 0 0 
-6.18408 4.12285 0 -4.84648 6.67083 0 0 0 0 
-9.28051 3.70101 0 -10.0641 9.77279 0 0 0 0 
-10.8937 2.51061 0 -11.7717 11.2599 0 0 0 0 
-6.23191 4.15212 0 -4.85839 6.70612 0 0 0 0 
-9.3475 3.71864 0 -10.1252 9.8124 0 0 0 0 
-10.9632 2.5201 0 -11.8774 11.289 0 0 0 0 
-6.27834 4.18048 0 -4.86939 6.74002 0 0 0 0 
-9.41238 3.7355 0 -10.1842 9.85 0 0 0 0 
-11.0302 2.52907 0 -11.9802 11.3159 0 0 0 0 
-6.32332 4.20788 0 -4.87944 6.77247 0 0 0 0 
-9.475 3.75156 0 -10.2408 9.88554 0 0 0 0 
-11.0946 2.53751 0 -12.0798 11.3405 0 0 0 0 
-6.36675 4.2343 0 -4.88852 6.80341 0 0 0 0 
-9.53526 3.76677 0 -10.295 9.91894 0 0 0 0 
-11.1562 2.54538 0 -12.1761 11.3628 0 0 0 0 
-6.40858 4.25966 0 -4.89663 6.83279 0 0 0 0 
-9.59308 3.78113 0 -10.3467 9.95015 0 0 0 0 
-11.2149 2.55269 0 -12.2689 11.3828 0 0 0 0 
-6.44867 4.28389 0 -4.90367 6.86047 0 0 0 0 
-9.64817 3.79451 0 -10.3956 9.97884 0 0 0 0 
-11.2703 2.55931 0 -12.3579 11.3998 0 0 0 0 
-6.48675 4.30682 0 -4.90944 6.88619 0 0 0 0 
-9.70007 3.80678 0 -10.4412 10.0047 0 0 0 0 
-11.3219 2.56519 0 -12.4421 11.4139 0 0 0 0 
-6.52256 4.32831 0 -4.91397 6.9098 0 0 0 0 
-9.74853 3.8179 0 -10.4833 10.0277 0 0 0 0 
-11.3695 2.57032 0 -12.5213 11.4249 0 0 0 0 
-6.55602 4.34827 0 -4.91723 6.93124 0 0 0 0 
-9.79351 3.82784 0 -10.5219 10.0477 0 0 0 0 
-11.4132 2.57471 0 -12.5954 11.433 0 0 0 0 
-6.58708 4.3667 0 -4.91923 6.95047 0 0 0 0 
-9.8349 3.8366 0 -10.5569 10.0648 0 0 0 0 
-11.4528 2.57833 0 -12.6645 11.438 0 0 0 0 
-6.61569 4.38357 0 -4.91996 6.96748 0 0 0 0 
-9.87265 3.84415 0 -10.5883 10.0789 0 0 0 0 
-11.4882 2.58118 0 -12.7282 11.44 0 0 0 0 
-6.6418 4.39885 0 -4.91938 6.98222 0 0 0 0 
-9.90666 3.85045 0 -10.616 10.0899 0 0 0 0 
-11.5194 2.58322 0 -12.7865 11.4388 0 0 0 0 
-6.66535 4.41248 0 -4.9174 6.99458 0 0 0 0 
-9.93683 3.85545 0 -10.6397 10.0975 0 0 0 0 
-11.5461 2.58441 0 -12.8393 11.434 0 0 0 0 
-6.68628 4.42443 0 -4.91395 7.00448 0 0 0 0 
-9.96306 3.85912 0 -10.6594 10.1019 0 0 0 0 
-11.5683 2.58474 0 -12.8865 11.4258 0 0 0 0 
-6.7045 4.43466 0 -4.90904 7.0119 0 0 0 0 
-9.98526 3.86143 0 -10.6751 10.1028 0 0 0 0 
-11.5859 2.58419 0 -12.9279 11.4141 0 0 0 0 
-6.71991 4.44308 0 -4.90267 7.01675 0 0 0 0 
-10.0032 3.86235 0 -10.6866 10.1003 0 0 0 0 
-11.5986 2.58275 0 -12.9629 11.3989 0 0 0 0 
-6.73233 4.4496 0 -4.89481 7.01891 0 0 0 0 
-10.0167 3.86181 0 -10.6936 10.0941 0 0 0 0 
-11.6063 2.58039 0 -12.9913 11.3801 0 0 0 0 
-6.74168 4.45417 0 -4.88548 7.01836 0 0 0 0 
-10.0256 3.85982 0 -10.6961 10.0844 0 0 0 0 
-11.6089 2.57713 0 -13.0131 11.3578 0 0 0 0 
-6.74793 4.45677 0 -4.87468 7.01507 0 0 0 0 
-10.03 3.85638 0 -10.6942 10.0711 0 0 0 0 
-11.6064 2.57296 0 -13.0284 11.332 0 0 0 0 
-6.75117 4.45746 0 -4.86241 7.0091 0 0 0 0 
-10.03 3.8515 0 -10.6878 10.0543 0 0 0 0 
-11.599 2.56787 0 -13.0372 11.3025 0 0 0 0 
-6.7514 4.45623 0 -4.84862 7.00042 0 0 0 0 
-10.0256 3.84517 0 -10.6771 10.0338 0 0 0 0 
-11.5866 2.56187 0 -13.0396 11.2695 0 0 0 0 
-6.74875 4.45317 0 -4.83342 6.98916 0 0 0 0 
-10.0171 3.83754 0 -10.6623 10.0102 0 0 0 0 
-11.5698 2.5551 0 -13.0364 11.2335 0 0 0 0 
-6.74361 4.44853 0 -4.81705 6.97572 0 0 0 0 
-10.0051 3.82878 0 -10.6441 9.98376 0 0 0 0 
-11.5494 2.54768 0 -13.0283 11.195 0 0 0 0 
-6.7362 4.44246 0 -4.79965 6.96031 0 0 0 0 
-9.98979 3.81901 0 -10.6227 9.95483 0 0 0 0 
-11.5254 2.53962 0 -13.0153 11.1541 0 0 0 0 
-6.72656 4.43498 0 -4.78127 6.94297 0 0 0 0 
-9.97125 3.80821 0 -10.5981 9.92345 0 0 0 0 
-11.4977 2.53095 0 -12.9976 11.1109 0 0 0 0 
-6.7147 4.42611 0 -4.76194 6.92375 0 0 0 0 
-9.9495 3.79643 0 -10.5704 9.88966 0 0 0 0 
-11.4666 2.52168 0 -12.975 11.0654 0 0 0 0 
-6.70066 4.41586 0 -4.74169 6.90268 0 0 0 0 
-9.9246 3.78368 0 -10.5396 9.85355 0 0 0 0 
-11.432 2.51183 0 -12.9478 11.0178 0 0 0 0 
-6.68448 4.40426 0 -4.72059 6.87982 0 0 0 0 
-9.89659 3.76999 0 -10.5059 9.81518 0 0 0 0 
-11.394 2.50142 0 -12.9159 10.9681 0 0 0 0 
-6.66621 4.39136 0 -4.69865 6.85522 0 0 0 0 
-9.86562 3.75541 0 -10.4693 9.77468 0 0 0 0 
-11.3529 2.49048 0 -12.8797 10.9165 0 0 0 0 
-6.64599 4.37724 0 -4.67595 6.82899 0 0 0 0 
-9.83188 3.74 0 -10.43 9.73217 0 0 0 0 
-11.3087 2.47905 0 -12.8393 10.8631 0 0 0 0 
-6.62389 4.36194 0 -4.65251 6.80122 0 0 0 0 
-9.79544 3.72378 0 -10.3881 9.68774 0 0 0 0 
-11.2617 2.46714 0 -12.7949 10.808 0 0 0 0 
-6.59996 4.3455 0 -4.62838 6.77194 0 0 0 0 
-9.75636 3.70678 0 -10.3437 9.64145 0 0 0 0 
-11.2118 2.45478 0 -12.7465 10.7513 0 0 0 0 
-6.57426 4.32795 0 -4.60363 6.74124 0 0 0 0 
-9.71482 3.68907 0 -10.297 9.5935 0 0 0 0 
-11.1593 2.44202 0 -12.6944 10.6932 0 0 0 0 
-6.5471 4.3095 0 -4.57843 6.7094 0 0 0 0 
-9.67144 3.67088 0 -10.2486 9.54443 0 0 0 0 
-11.1052 2.42905 0 -12.6398 10.6344 0 0 0 0 
-6.51882 4.29037 0 -4.553 6.67677 0 0 0 0 
-9.62652 3.65228 0 -10.1989 9.49451 0 0 0 0 
-11.0496 2.41588 0 -12.5827 10.5751 0 0 0 0 
-6.48947 4.2706 0 -4.52737 6.64339 0 0 0 0 
-9.58013 3.63334 0 -10.1478 9.44382 0 0 0 0 
-10.9924 2.40253 0 -12.5233 10.5153 0 0 0 0 
-6.45909 4.25021 0 -4.50159 6.60932 0 0 0 0 
-9.53233 3.61405 0 -10.0954 9.39242 0 0 0 0 
-10.9339 2.38902 0 -12.4615 10.4552 0 0 0 0 
-6.42774 4.22923 0 -4.47568 6.57461 0 0 0 0 
-9.4832 3.59447 0 -10.0419 9.34039 0 0 0 0 
-10.874 2.37537 0 -12.3976 10.3948 0 0 0 0 
-6.39545 4.20769 0 -4.44969 6.5393 0 0 0 0 
-9.4328 3.5746 0 -9.98737 9.28781 0 0 0 0 
-10.8129 2.3616 0 -12.3315 10.3341 0 0 0 0 
-6.36225 4.18561 0 -4.42364 6.50343 0 0 0 0 
-9.38115 3.55448 0 -9.93175 9.2347 0 0 0 0 
-10.7505 2.34771 0 -12.2633 10.2733 0 0 0 0 
-6.32813 4.16298 0 -4.39755 6.46699 0 0 0 0 
-9.32823 3.53408 0 -9.87504 9.18108 0 0 0 0 
-10.6869 2.3337 0 -12.1929 10.2123 0 0 0 0 
-6.29307 4.13981 0 -4.37144 6.43 0 0 0 0 
-9.27405 3.51343 0 -9.8173 9.12699 0 0 0 0 
-10.6221 2.3196 0 -12.1204 10.1512 0 0 0 0 
-6.25713 4.11611 0 -4.34533 6.39251 0 0 0 0 
-9.2187 3.49256 0 -9.75859 9.07251 0 0 0 0 
-10.5562 2.30542 0 -12.0458 10.0901 0 0 0 0 
-6.22035 4.09193 0 -4.31929 6.35456 0 0 0 0 
-9.16226 3.47151 0 -9.69902 9.01773 0 0 0 0 
-10.4893 2.29119 0 -11.9693 10.0292 0 0 0 0 
-6.18294 4.06739 0 -4.2934 6.31636 0 0 0 0 
-9.10524 3.45042 0 -9.63908 8.96305 0 0 0 0 
-10.4222 2.27705 0 -11.8919 9.96893 0 0 0 0 
-6.14522 4.04271 0 -4.26784 6.27818 0 0 0 0 
-9.04788 3.42941 0 -9.57904 8.90869 0 0 0 0 
-10.3549 2.26301 0 -11.8137 9.9094 0 0 0 0 
-6.10722 4.01789 0 -4.24263 6.24006 0 0 0 0 
-8.99025 3.40847 0 -9.51894 8.8547 0 0 0 0 
-10.2876 2.24909 0 -11.7347 9.85068 0 0 0 0 
-6.06897 3.99297 0 -4.2178 6.20204 0 0 0 0 
-8.9324 3.38764 0 -9.45885 8.80114 0 0 0 0 
-10.2202 2.2353 0 -11.655 9.79279 0 0 0 0 
-6.03053 3.96797 0 -4.19336 6.16416 0 0 0 0 
-8.87439 3.36693 0 -9.39883 8.74805 0 0 0 0 
-10.1529 2.22164 0 -11.5747 9.73581 0 0 0 0 
-5.99192 3.94291 0 -4.16934 6.12646 0 0 0 0 
-8.81627 3.34636 0 -9.33894 8.69549 0 0 0 0 
-10.0857 2.20816 0 -11.4939 9.67979 0 0 0 0 
-5.95318 3.91782 0 -4.14577 6.08896 0 0 0 0 
-8.75811 3.32596 0 -9.27923 8.64351 0 0 0 0 
-10.0187 2.19483 0 -11.4127 9.62478 0 0 0 0 
-5.91436 3.89273 0 -4.12266 6.05171 0 0 0 0 
-8.69996 3.30574 0 -9.21976 8.59216 0 0 0 0 
-9.95194 2.18169 0 -11.3311 9.57083 0 0 0 0 
-5.87548 3.86766 0 -4.10004 6.01475 0 0 0 0 
-8.64187 3.28572 0 -9.1606 8.54148 0 0 0 0 
-9.88547 2.16874 0 -11.2492 9.51801 0 0 0 0 
-5.83656 3.84261 0 -4.07792 5.97807 0 0 0 0 
-8.58381 3.26589 0 -9.10169 8.49146 0 0 0 0 
-9.81922 2.15598 0 -11.1668 9.46624 0 0 0 0 
-5.79756 3.81755 0 -4.05629 5.94167 0 0 0 0 
-8.52577 3.24626 0 -9.04306 8.44211 0 0 0 0 
-9.75323 2.14341 0 -11.0842 9.41561 0 0 0 0 
-5.75851 3.79253 0 -4.03517 5.90556 0 0 0 0 
-8.46781 3.22685 0 -8.98474 8.39347 0 0 0 0 
-9.68758 2.13104 0 -11.0012 9.36613 0 0 0 0 
-5.71945 3.76755 0 -4.01458 5.86979 0 0 0 0 
-8.40999 3.20766 0 -8.92681 8.34559 0 0 0 0 
-9.62233 2.11889 0 -10.918 9.31788 0 0 0 0 
-5.68043 3.74265 0 -3.99455 5.8344 0 0 0 0 
-8.35236 3.18873 0 -8.86931 8.29853 0 0 0 0 
-9.55754 2.10697 0 -10.8347 9.27089 0 0 0 0 
-5.64148 3.71784 0 -3.9751 5.79941 0 0 0 0 
-8.29498 3.17007 0 -8.81232 8.25232 0 0 0 0 
-9.49327 2.09529 0 -10.7514 9.22523 0 0 0 0 
-5.60263 3.69315 0 -3.95624 5.76487 0 0 0 0 
-8.23791 3.1517 0 -8.75587 8.20702 0 0 0 0 
-9.42959 2.08386 0 -10.6681 9.18092 0 0 0 0 
-5.56396 3.66864 0 -3.93801 5.73083 0 0 0 0 
-8.1813 3.13367 0 -8.70012 8.16274 0 0 0 0 
-9.36673 2.07272 0 -10.5852 9.13814 0 0 0 0 
-5.5256 3.64436 0 -3.92045 5.6974 0 0 0 0 
-8.1253 3.11602 0 -8.64522 8.11958 0 0 0 0 
-9.30482 2.0619 0 -10.5028 9.09691 0 0 0 0 
-5.48759 3.62037 0 -3.9036 5.66462 0 0 0 0 
-8.06996 3.09877 0 -8.59121 8.0776 0 0 0 0 
-9.24386 2.0514 0 -10.4209 9.05731 0 0 0 0 
-5.44995 3.59667 0 -3.88745 5.63251 0 0 0 0 
-8.0153 3.08193 0 -8.53812 8.03679 0 0 0 0 
-9.1839 2.04121 0 -10.3396 9.01929 0 0 0 0 
-5.4127 3.57326 0 -3.87201 5.60107 0 0 0 0 
-7.96132 3.06548 0 -8.48594 7.99714 0 0 0 0 
-9.12491 2.03133 0 -10.259 8.98284 0 0 0 0 
-5.37585 3.55015 0 -3.85725 5.57031 0 0 0 0 
-7.90808 3.04945 0 -8.4347 7.95869 0 0 0 0 
-9.06697 2.02179 0 -10.179 8.94801 0 0 0 0 
-5.33943 3.52737 0 -3.84323 5.54026 0 0 0 0 
-7.85561 3.03384 0 -8.38447 7.92149 0 0 0 0 
-9.01013 2.01257 0 -10.0997 8.91486 0 0 0 0 
-5.30347 3.50493 0 -3.82993 5.51095 0 0 0 0 
-7.80394 3.01868 0 -8.33527 7.88553 0 0 0 0 
-8.9544 2.0037 0 -10.0213 8.88337 0 0 0 0 
-5.26799 3.48285 0 -3.81737 5.48238 0 0 0 0 
-7.75311 3.00396 0 -8.28712 7.85086 0 0 0 0 
-8.89984 1.99518 0 -9.94365 8.85357 0 0 0 0 
-5.23301 3.46113 0 -3.80556 5.45458 0 0 0 0 
-7.70314 2.9897 0 -8.24007 7.8175 0 0 0 0 
-8.84646 1.987 0 -9.86691 8.82551 0 0 0 0 
-5.19854 3.4398 0 -3.7945 5.42757 0 0 0 0 
-7.65407 2.97591 0 -8.19412 7.78545 0 0 0 0 
-8.79431 1.97918 0 -9.79108 8.79917 0 0 0 0 
-5.16462 3.41885 0 -3.7842 5.40135 0 0 0 0 
-7.60592 2.96258 0 -8.14932 7.75475 0 0 0 0 
-8.7434 1.97172 0 -9.71622 8.77459 0 0 0 0 
-5.13126 3.39832 0 -3.77468 5.37595 0 0 0 0 
-7.55872 2.94975 0 -8.10569 7.72541 0 0 0 0 
-8.69378 1.96463 0 -9.64236 8.75176 0 0 0 0 
-5.09848 3.3782 0 -3.76592 5.35138 0 0 0 0 
-7.51251 2.9374 0 -8.06325 7.69744 0 0 0 0 
-8.64547 1.9579 0 -9.56956 8.73069 0 0 0 0 
-5.0663 3.3585 0 -3.75793 5.32765 0 0 0 0 
-7.4673 2.92553 0 -8.02202 7.67084 0 0 0 0 
-8.59849 1.95153 0 -9.49792 8.71136 0 0 0 0 
-5.03474 3.33926 0 -3.75069 5.30476 0 0 0 0 
-7.42312 2.91416 0 -7.98202 7.6456 0 0 0 0 
-8.55286 1.94554 0 -9.42739 8.69376 0 0 0 0 
-5.00382 3.32045 0 -3.74421 5.28272 0 0 0 0 
-7.37998 2.90329 0 -7.94326 7.62176 0 0 0 0 
-8.50858 1.93991 0 -9.35802 8.67794 0 0 0 0 
-4.97352 3.3021 0 -3.73851 5.26154 0 0 0 0 
-7.3379 2.89292 0 -7.90575 7.59932 0 0 0 0 
-8.46568 1.93466 0 -9.28982 8.6639 0 0 0 0 
-4.94389 3.2842 0 -3.73359 5.24125 0 0 0 0 
-7.2969 2.88306 0 -7.86952 7.5783 0 0 0 0 
-8.4242 1.92978 0 -9.22284 8.65164 0 0 0 0 
-4.91492 3.26678 0 -3.72945 5.22184 0 0 0 0 
-7.25699 2.87372 0 -7.8346 7.55873 0 0 0 0 
-8.38414 1.92529 0 -9.15714 8.64121 0 0 0 0 
-4.88664 3.24984 0 -3.7261 5.20333 0 0 0 0 
-7.21822 2.8649 0 -7.80099 7.54059 0 0 0 0 
-8.34555 1.92118 0 -9.09271 8.63257 0 0 0 0 
-4.85905 3.23339 0 -3.72354 5.18573 0 0 0 0 
-7.18059 2.85661 0 -7.76872 7.52391 0 0 0 0 
-8.30843 1.91747 0 -9.02961 8.62575 0 0 0 0 
-4.83219 3.21743 0 -3.72177 5.16905 0 0 0 0 
-7.14413 2.84885 0 -7.73782 7.50871 0 0 0 0 
-8.27281 1.91413 0 -8.9679 8.62078 0 0 0 0 
-4.8061 3.20202 0 -3.7208 5.15333 0 0 0 0 
-7.10897 2.84166 0 -7.70839 7.49504 0 0 0 0 
-8.2389 1.91122 0 -8.90783 8.61768 0 0 0 0 
-4.7809 3.1872 0 -3.72065 5.13865 0 0 0 0 
-7.07523 2.83506 0 -7.68053 7.48296 0 0 0 0 
-8.20674 1.90873 0 -8.84958 8.61646 0 0 0 0 
-4.75662 3.173 0 -3.72131 5.12502 0 0 0 0 
-7.04294 2.82904 0 -7.65429 7.47247 0 0 0 0 
-8.17637 1.90664 0 -8.79322 8.61713 0 0 0 0 
-4.73329 3.15944 0 -3.72277 5.11245 0 0 0 0 
-7.01215 2.82364 0 -7.62967 7.46358 0 0 0 0 
-8.14783 1.90499 0 -8.73875 8.61964 0 0 0 0 
-4.71092 3.14654 0 -3.72503 5.10096 0 0 0 0 
-6.98288 2.81884 0 -7.6067 7.4563 0 0 0 0 
-8.12113 1.90375 0 -8.68624 8.62403 0 0 0 0 
-4.68956 3.13429 0 -3.7281 5.09056 0 0 0 0 
-6.95514 2.81464 0 -7.58542 7.45065 0 0 0 0 
-8.09629 1.90293 0 -8.63578 8.6303 0 0 0 0 
-4.6692 3.12272 0 -3.73196 5.08125 0 0 0 0 
-6.92898 2.81107 0 -7.56582 7.44661 0 0 0 0 
-8.07335 1.90254 0 -8.58734 8.63841 0 0 0 0 
-4.64986 3.11182 0 -3.73662 5.07304 0 0 0 0 
-6.9044 2.80811 0 -7.54792 7.44418 0 0 0 0 
-8.05231 1.90257 0 -8.541 8.64836 0 0 0 0 
-4.63151 3.10158 0 -3.74206 5.0659 0 0 0 0 
-6.88127 2.80572 0 -7.53161 7.44329 0 0 0 0 
-8.03293 1.90298 0 -8.49645 8.66004 0 0 0 0 
-4.61406 3.09194 0 -3.74822 5.05974 0 0 0 0 
-6.85953 2.80388 0 -7.5168 7.44385 0 0 0 0 
-8.01526 1.90378 0 -8.45368 8.67339 0 0 0 0 
-4.59751 3.08291 0 -3.75511 5.05457 0 0 0 0 
-6.83921 2.8026 0 -7.50351 7.44589 0 0 0 0 
-7.99928 1.90497 0 -8.41277 8.68844 0 0 0 0 
-4.58189 3.07449 0 -3.76273 5.0504 0 0 0 0 
-6.82032 2.80188 0 -7.49179 7.44941 0 0 0 0 
-7.98503 1.90653 0 -8.37377 8.70519 0 0 0 0 
-4.56723 3.0667 0 -3.77107 5.04725 0 0 0 0 
-6.80292 2.80173 0 -7.48164 7.45441 0 0 0 0 
-7.97258 1.90849 0 -8.33674 8.72361 0 0 0 0 
-4.55357 3.05958 0 -3.78013 5.04514 0 0 0 0 
-6.78709 2.80216 0 -7.47314 7.46092 0 0 0 0 
-7.962 1.91084 0 -8.30189 8.74371 0 0 0 0 
-4.54095 3.05314 0 -3.7899 5.04409 0 0 0 0 
-6.77282 2.80317 0 -7.46631 7.46895 0 0 0 0 
-7.95325 1.91358 0 -8.26917 8.76547 0 0 0 0 
-4.5293 3.04733 0 -3.80035 5.04403 0 0 0 0 
-6.75994 2.80471 0 -7.46093 7.47834 0 0 0 0 
-7.94605 1.91666 0 -8.23812 8.78872 0 0 0 0 
-4.51851 3.04209 0 -3.81145 5.04488 0 0 0 0 
-6.7484 2.80676 0 -7.45699 7.48909 0 0 0 0 
-7.94047 1.9201 0 -8.20888 8.81351 0 0 0 0 
-4.50877 3.03754 0 -3.82324 5.04678 0 0 0 0 
-6.73869 2.80943 0 -7.45492 7.50143 0 0 0 0 
-7.93721 1.92396 0 -8.18262 8.84005 0 0 0 0 
-4.50043 3.03388 0 -3.83573 5.04994 0 0 0 0 
-6.73104 2.81279 0 -7.4549 7.51544 0 0 0 0 
-7.93629 1.92826 0 -8.15934 8.86824 0 0 0 0 
-4.49349 3.03111 0 -3.84893 5.05437 0 0 0 0 
-6.72547 2.81682 0 -7.45693 7.53112 0 0 0 0 
-7.9377 1.93298 0 -8.13909 8.89808 0 0 0 0 
-4.48797 3.02924 0 -3.86281 5.06005 0 0 0 0 
-6.72198 2.82151 0 -7.46104 7.54846 0 0 0 0 
-7.94142 1.93811 0 -8.12191 8.92956 0 0 0 0 
-4.48383 3.02825 0 -3.87734 5.06694 0 0 0 0 
-6.72048 2.82685 0 -7.46709 7.56733 0 0 0 0 
-7.94731 1.94363 0 -8.10754 8.96248 0 0 0 0 
-4.48094 3.02805 0 -3.89245 5.07493 0 0 0 0 
-6.72071 2.83273 0 -7.47484 7.58757 0 0 0 0 
-7.95502 1.94948 0 -8.09557 8.99665 0 0 0 0 
-4.47917 3.02856 0 -3.90807 5.0839 0 0 0 0 
-6.72257 2.83912 0 -7.48421 7.60908 0 0 0 0 
-7.96454 1.95563 0 -8.08605 9.03206 0 0 0 0 
-4.47852 3.02977 0 -3.9242 5.09383 0 0 0 0 
-6.72608 2.84604 0 -7.49518 7.63182 0 0 0 0 
-7.97589 1.96211 0 -8.07894 9.06863 0 0 0 0 
-4.47899 3.0317 0 -3.9408 5.10473 0 0 0 0 
-6.73123 2.85346 0 -7.50774 7.6558 0 0 0 0 
-7.98906 1.96889 0 -8.07429 9.10635 0 0 0 0 
-4.48061 3.03433 0 -3.95789 5.11658 0 0 0 0 
-6.73803 2.86137 0 -7.52191 7.681 0 0 0 0 
-8.00402 1.97598 0 -8.07214 9.14522 0 0 0 0 
-4.48335 3.03768 0 -3.97542 5.12938 0 0 0 0 
-6.74648 2.86979 0 -7.53765 7.70737 0 0 0 0 
-8.0208 1.98336 0 -8.07246 9.18515 0 0 0 0 
-4.48742 3.04186 0 -3.99343 5.14325 0 0 0 0 
-6.75712 2.87884 0 -7.55546 7.73522 0 0 0 0 
-8.0402 1.99115 0 -8.07657 9.22644 0 0 0 0 
-4.49321 3.04709 0 -4.01196 5.15845 0 0 0 0 
-6.77018 2.88854 0 -7.57552 7.76459 0 0 0 0 
-8.06215 1.99928 0 -8.08453 9.26887 0 0 0 0 
-4.50067 3.05335 0 -4.03091 5.17488 0 0 0 0 
-6.78558 2.89886 0 -7.5977 7.79532 0 0 0 0 
-8.08651 2.00775 0 -8.09614 9.31227 0 0 0 0 
-4.50976 3.0606 0 -4.05022 5.19249 0 0 0 0 
-6.80327 2.90977 0 -7.62196 7.82736 0 0 0 0 
-8.11325 2.01653 0 -8.11143 9.3566 0 0 0 0 
-4.52047 3.06884 0 -4.0699 5.21126 0 0 0 0 
-6.82323 2.92125 0 -7.64828 7.86069 0 0 0 0 
-8.14233 2.02561 0 -8.13041 9.40182 0 0 0 0 
-4.53279 3.07805 0 -4.08989 5.23117 0 0 0 0 
-6.84546 2.9333 0 -7.67661 7.89524 0 0 0 0 
-8.17375 2.03499 0 -8.15301 9.44783 0 0 0 0 
-4.54671 3.08824 0 -4.11017 5.2522 0 0 0 0 
-6.86991 2.9459 0 -7.70693 7.93098 0 0 0 0 
-8.20746 2.04465 0 -8.17925 9.49461 0 0 0 0 
-4.56223 3.09938 0 -4.13074 5.27432 0 0 0 0 
-6.89658 2.95904 0 -7.73923 7.96788 0 0 0 0 
-8.24342 2.05457 0 -8.20913 9.54211 0 0 0 0 
-4.57931 3.11147 0 -4.15154 5.29751 0 0 0 0 
-6.92543 2.9727 0 -7.77343 8.00587 0 0 0 0 
-8.2816 2.06476 0 -8.24256 9.59021 0 0 0 0 
-4.59795 3.1245 0 -4.17256 5.32174 0 0 0 0 
-6.95642 2.98686 0 -7.80951 8.04492 0 0 0 0 
-8.32195 2.07519 0 -8.27956 9.6389 0 0 0 0 
-4.61812 3.13845 0 -4.19378 5.34698 0 0 0 0 
-6.98954 3.0015 0 -7.84745 8.08499 0 0 0 0 
-8.36441 2.08585 0 -8.32009 9.68813 0 0 0 0 
-4.63996 3.1534 0 -4.21521 5.37331 0 0 0 0 
-7.02517 3.01674 0 -7.88758 8.12627 0 0 0 0 
-8.40966 2.09684 0 -8.36511 9.7381 0 0 0 0 
-4.66389 3.1696 0 -4.23691 5.40104 0 0 0 0 
-7.06388 3.0327 0 -7.9304 8.16907 0 0 0 0 
-8.4582 2.1082 0 -8.41551 9.78898 0 0 0 0 
-4.69012 3.18718 0 -4.25892 5.43028 0 0 0 0 
-7.10571 3.04937 0 -7.97596 8.21337 0 0 0 0 
-8.50983 2.11989 0 -8.47107 9.8406 0 0 0 0 
-4.71856 3.20609 0 -4.28115 5.46095 0 0 0 0 
-7.15058 3.06673 0 -8.02411 8.25903 0 0 0 0 
-8.56449 2.13189 0 -8.53168 9.89283 0 0 0 0 
-4.74918 3.22629 0 -4.30357 5.493 0 0 0 0 
-7.19843 3.08474 0 -8.07483 8.30603 0 0 0 0 
-8.6221 2.1442 0 -8.5973 9.94565 0 0 0 0 
-4.78194 3.24776 0 -4.32617 5.5264 0 0 0 0 
-7.24919 3.10338 0 -8.12805 8.3543 0 0 0 0 
-8.68259 2.1568 0 -8.66785 9.99898 0 0 0 0 
-4.81678 3.27047 0 -4.34889 5.56109 0 0 0 0 
-7.30281 3.12264 0 -8.18366 8.40375 0 0 0 0 
-8.74588 2.16966 0 -8.74319 10.0527 0 0 0 0 
-4.85367 3.2944 0 -4.37172 5.59703 0 0 0 0 
-7.35919 3.14248 0 -8.24163 8.45434 0 0 0 0 
-8.81188 2.18277 0 -8.82326 10.1068 0 0 0 0 
-4.89256 3.3195 0 -4.39463 5.63418 0 0 0 0 
-7.41828 3.16287 0 -8.30187 8.506 0 0 0 0 
-8.8805 2.19611 0 -8.90795 10.1612 0 0 0 0 
-4.9334 3.34575 0 -4.41758 5.67248 0 0 0 0 
-7.47999 3.1838 0 -8.36429 8.55864 0 0 0 0 
-8.95166 2.20967 0 -8.99713 10.2158 0 0 0 0 
-4.97613 3.37312 0 -4.44054 5.71188 0 0 0 0 
-7.54424 3.20522 0 -8.4288 8.6122 0 0 0 0 
-9.02526 2.22342 0 -9.09069 10.2706 0 0 0 0 
-5.02066 3.40153 0 -4.46346 5.7523 0 0 0 0 
-7.61084 3.22708 0 -8.49523 8.66653 0 0 0 0 
-9.10099 2.23731 0 -9.1883 10.3252 0 0 0 0 
-5.06683 3.4309 0 -4.48624 5.79357 0 0 0 0 
-7.67957 3.24929 0 -8.56334 8.7214 0 0 0 0 
-9.17866 2.2513 0 -9.28967 10.3795 0 0 0 0 
-5.11454 3.46116 0 -4.50884 5.83563 0 0 0 0 
-7.75032 3.27185 0 -8.63303 8.77679 0 0 0 0 
-9.25821 2.26538 0 -9.39464 10.4337 0 0 0 0 
-5.16374 3.49227 0 -4.53132 5.87847 0 0 0 0 
-7.82304 3.29474 0 -8.70432 8.83277 0 0 0 0 
-9.33961 2.2796 0 -9.50308 10.4878 0 0 0 0 
-5.21435 3.52421 0 -4.55371 5.92206 0 0 0 0 
-7.89762 3.31797 0 -8.77708 8.88928 0 0 0 0 
-9.42274 2.29391 0 -9.61479 10.5417 0 0 0 0 
-5.26631 3.55693 0 -4.57596 5.96636 0 0 0 0 
-7.97397 3.3415 0 -8.85123 8.94624 0 0 0 0 
-9.50748 2.30831 0 -9.72963 10.5954 0 0 0 0 
-5.31967 3.59045 0 -4.59812 6.01139 0 0 0 0 
-8.0523 3.36538 0 -8.92701 9.00384 0 0 0 0 
-9.59426 2.32286 0 -9.84822 10.6492 0 0 0 0 
-5.37457 3.62488 0 -4.62021 6.05728 0 0 0 0 
-8.13269 3.38965 0 -9.00444 9.06209 0 0 0 0 
-9.68297 2.33754 0 -9.97038 10.7029 0 0 0 0 
-5.43094 3.66015 0 -4.64221 6.10396 0 0 0 0 
-8.21499 3.41425 0 -9.08339 9.12088 0 0 0 0 
-9.77343 2.35232 0 -10.0959 10.7565 0 0 0 0 
-5.48864 3.6962 0 -4.66409 6.15133 0 0 0 0 
-8.299 3.43913 0 -9.16371 9.18014 0 0 0 0 
-9.86542 2.36719 0 -10.2243 10.8098 0 0 0 0 
-5.54747 3.7329 0 -4.68584 6.19928 0 0 0 0 
-8.38436 3.46424 0 -9.24508 9.23972 0 0 0 0 
-9.95854 2.3821 0 -10.355 10.863 0 0 0 0 
-5.60716 3.77009 0 -4.70741 6.2476 0 0 0 0 
-8.47075 3.48946 0 -9.32717 9.29934 0 0 0 0 
-10.0524 2.39698 0 -10.4876 10.9156 0 0 0 0 
-5.66753 3.80764 0 -4.72867 6.29612 0 0 0 0 
-8.55792 3.51471 0 -9.40977 9.35884 0 0 0 0 
-10.1469 2.41179 0 -10.6217 10.9675 0 0 0 0 
-5.72847 3.84549 0 -4.74956 6.34473 0 0 0 0 
-8.64572 3.53993 0 -9.49268 9.41805 0 0 0 0 
-10.2417 2.42649 0 -10.7571 11.0185 0 0 0 0 
-5.78984 3.88356 0 -4.77004 6.39334 0 0 0 0 
-8.73396 3.56509 0 -9.57574 9.47686 0 0 0 0 
-10.3366 2.44106 0 -10.8936 11.0686 0 0 0 0 
-5.8515 3.92175 0 -4.79011 6.44184 0 0 0 0 
-8.82239 3.59011 0 -9.65877 9.53519 0 0 0 0 
-10.4315 2.45548 0 -11.0306 11.1178 0 0 0 0 
-5.91322 3.95993 0 -4.80975 6.4901 0 0 0 0 
-8.91066 3.61496 0 -9.74145 9.59293 0 0 0 0 
-10.526 2.46973 0 -11.1674 11.1661 0 0 0 0 
-5.9747 3.99793 0 -4.8289 6.53792 0 0 0 0 
-8.99836 3.63946 0 -9.82337 9.64968 0 0 0 0 
-10.6194 2.48367 0 -11.3036 11.2128 0 0 0 0 
-6.03572 4.03559 0 -4.84737 6.58503 0 0 0 0 
-9.0852 3.66353 0 -9.90425 9.7052 0 0 0 0 
-10.7116 2.49727 0 -11.4388 11.2579 0 0 0 0 
-6.09615 4.07283 0 -4.86509 6.63132 0 0 0 0 
-9.171 3.6871 0 -9.98387 9.75934 0 0 0 0 
-10.8024 2.51049 0 -11.5727 11.3012 0 0 0 0 
-6.15585 4.10956 0 -4.88203 6.67669 0 0 0 0 
-9.25556 3.71013 0 -10.0621 9.81198 0 0 0 0 
-10.8915 2.52331 0 -11.705 11.3427 0 0 0 0 
-6.21463 4.14568 0 -4.8982 6.72103 0 0 0 0 
-9.33855 3.73256 0 -10.1386 9.86307 0 0 0 0 
-10.9787 2.53571 0 -11.8351 11.3824 0 0 0 0 
-6.27217 4.18098 0 -4.91354 6.76413 0 0 0 0 
-9.4195 3.75424 0 -10.213 9.91222 0 0 0 0 
-11.0632 2.54758 0 -11.9621 11.4198 0 0 0 0 
-6.32819 4.2153 0 -4.92786 6.80569 0 0 0 0 
-9.49804 3.77504 0 -10.2849 9.95908 0 0 0 0 
-11.1449 2.55883 0 -12.0857 11.4547 0 0 0 0 
-6.38251 4.24849 0 -4.94105 6.84555 0 0 0 0 
-9.57393 3.79488 0 -10.354 10.0035 0 0 0 0 
-11.2234 2.56943 0 -12.2055 11.4868 0 0 0 0 
-6.43499 4.2805 0 -4.95307 6.8836 0 0 0 0 
-9.647 3.81372 0 -10.4202 10.0453 0 0 0 0 
-11.2985 2.57935 0 -12.3214 11.516 0 0 0 0 
-6.48551 4.31123 0 -4.96389 6.91974 0 0 0 0 
-9.71706 3.8315 0 -10.4834 10.0844 0 0 0 0 
-11.3701 2.58858 0 -12.433 11.5424 0 0 0 0 
-6.53383 4.34055 0 -4.97347 6.95382 0 0 0 0 
-9.78365 3.84811 0 -10.543 10.1206 0 0 0 0 
-11.4375 2.59703 0 -12.5393 11.5657 0 0 0 0 
-6.57957 4.36822 0 -4.98166 6.98552 0 0 0 0 
-9.84624 3.86337 0 -10.5985 10.1535 0 0 0 0 
-11.5003 2.60456 0 -12.6397 11.5853 0 0 0 0 
-6.62248 4.39407 0 -4.98829 7.01458 0 0 0 0 
-9.90456 3.87719 0 -10.6498 10.1826 0 0 0 0 
-11.558 2.61116 0 -12.7339 11.6012 0 0 0 0 
-6.66254 4.41809 0 -4.99337 7.041 0 0 0 0 
-9.95875 3.88962 0 -10.6969 10.2083 0 0 0 0 
-11.6113 2.6169 0 -12.8224 11.6135 0 0 0 0 
-6.69992 4.4404 0 -4.99701 7.06495 0 0 0 0 
-10.009 3.90072 0 -10.7401 10.2307 0 0 0 0 
-11.66 2.62179 0 -12.9053 11.6225 0 0 0 0 
-6.73462 4.461 0 -4.99924 7.08645 0 0 0 0 
-10.0552 3.91051 0 -10.7792 10.2498 0 0 0 0 
-11.7043 2.62584 0 -12.9824 11.6282 0 0 0 0 
-6.7666 4.47984 0 -5.00001 7.10544 0 0 0 0 
-10.0974 3.91891 0 -10.8142 10.2654 0 0 0 0 
-11.7438 2.62898 0 -13.0536 11.6301 0 0 0 0 
-6.7957 4.49685 0 -4.99919 7.12175 0 0 0 0 
-10.1352 3.92583 0 -10.8448 10.2773 0 0 0 0 
-11.7782 2.63114 0 -13.1184 11.6281 0 0 0 0 
-6.82167 4.51185 0 -4.9967 7.13517 0 0 0 0 
-10.1682 3.93116 0 -10.8705 10.2852 0 0 0 0 
-11.807 2.63227 0 -13.1761 11.622 0 0 0 0 
-6.84434 4.52474 0 -4.99252 7.14561 0 0 0 0 
-10.1963 3.93488 0 -10.8915 10.2892 0 0 0 0 
-11.8304 2.63239 0 -13.2268 11.612 0 0 0 0 
-6.86368 4.53551 0 -4.98667 7.15305 0 0 0 0 
-10.2194 3.937 0 -10.9075 10.2891 0 0 0 0 
-11.8481 2.6315 0 -13.2703 11.598 0 0 0 0 
-6.87965 4.54415 0 -4.97915 7.15748 0 0 0 0 
-10.2377 3.93752 0 -10.9185 10.2851 0 0 0 0 
-11.8604 2.6296 0 -13.3065 11.58 0 0 0 0 
-6.89227 4.55064 0 -4.97 7.15892 0 0 0 0 
-10.2509 3.93642 0 -10.9247 10.2771 0 0 0 0 
-11.8671 2.62668 0 -13.3356 11.5581 0 0 0 0 
-6.90157 4.55503 0 -4.95917 7.15737 0 0 0 0 
-10.2594 3.93373 0 -10.926 10.2651 0 0 0 0 
-11.8683 2.62274 0 -13.3578 11.532 0 0 0 0 
-6.90759 4.55732 0 -4.94662 7.15283 0 0 0 0 
-10.2629 3.92942 0 -10.9225 10.2491 0 0 0 0 
-11.864 2.61778 0 -13.3729 11.5019 0 0 0 0 
-6.91029 4.55748 0 -4.93238 7.14527 0 0 0 0 
-10.2615 3.92349 0 -10.914 10.2291 0 0 0 0 
-11.8541 2.61179 0 -13.3808 11.4678 0 0 0 0 
-6.90962 4.55551 0 -4.91646 7.1347 0 0 0 0 
-10.2551 3.91594 0 -10.9006 10.205 0 0 0 0 
-11.8386 2.60478 0 -13.3815 11.4297 0 0 0 0 
-6.90556 4.55138 0 -4.89887 7.1211 0 0 0 0 
-10.2438 3.90678 0 -10.8822 10.177 0 0 0 0 
-11.8176 2.59675 0 -13.3749 11.3876 0 0 0 0 
-6.89823 4.54517 0 -4.87973 7.1046 0 0 0 0 
-10.2278 3.89613 0 -10.8592 10.1453 0 0 0 0 
-11.7915 2.58786 0 -13.3618 11.3422 0 0 0 0 
-6.88803 4.53715 0 -4.85928 7.08562 0 0 0 0 
-10.2078 3.88425 0 -10.8324 10.1107 0 0 0 0 
-11.7614 2.57826 0 -13.3432 11.2941 0 0 0 0 
-6.87535 4.52758 0 -4.83774 7.06451 0 0 0 0 
-10.1844 3.87127 0 -10.8022 10.0733 0 0 0 0 
-11.7275 2.56798 0 -13.3194 11.2434 0 0 0 0 
-6.86034 4.51652 0 -4.81519 7.0414 0 0 0 0 
-10.1575 3.85725 0 -10.7687 10.0334 0 0 0 0 
-11.6899 2.55708 0 -13.2908 11.1904 0 0 0 0 
-6.84311 4.50407 0 -4.79166 7.01638 0 0 0 0 
-10.1275 3.84222 0 -10.732 9.99103 0 0 0 0 
-11.6488 2.54558 0 -13.2574 11.1351 0 0 0 0 
-6.82368 4.49023 0 -4.76719 6.98948 0 0 0 0 
-10.0942 3.82621 0 -10.6922 9.94629 0 0 0 0 
-11.6041 2.53347 0 -13.2193 11.0776 0 0 0 0 
-6.80207 4.47503 0 -4.74182 6.96075 0 0 0 0 
-10.0578 3.80924 0 -10.6494 9.89924 0 0 0 0 
-11.556 2.52078 0 -13.1764 11.018 0 0 0 0 
-6.77831 4.45847 0 -4.71559 6.93022 0 0 0 0 
-10.0183 3.79132 0 -10.6036 9.84995 0 0 0 0 
-11.5046 2.50755 0 -13.1289 10.9563 0 0 0 0 
-6.75241 4.44058 0 -4.68853 6.89793 0 0 0 0 
-9.97575 3.7725 0 -10.5548 9.79848 0 0 0 0 
-11.4498 2.49377 0 -13.0767 10.8926 0 0 0 0 
-6.72443 4.42139 0 -4.6607 6.86393 0 0 0 0 
-9.93017 3.7528 0 -10.5032 9.74492 0 0 0 0 
-11.3917 2.47947 0 -13.02 10.8272 0 0 0 0 
-6.69453 4.40101 0 -4.63221 6.82841 0 0 0 0 
-9.88208 3.73239 0 -10.4493 9.68971 0 0 0 0 
-11.3313 2.46482 0 -12.9597 10.7605 0 0 0 0 
-6.66314 4.37971 0 -4.60334 6.79178 0 0 0 0 
-9.83203 3.71146 0 -10.3935 9.63336 0 0 0 0 
-11.269 2.44994 0 -12.8966 10.6932 0 0 0 0 
-6.6305 4.35765 0 -4.57421 6.75426 0 0 0 0 
-9.78025 3.69011 0 -10.3362 9.57607 0 0 0 0 
-11.2049 2.43483 0 -12.8306 10.6253 0 0 0 0 
-6.59665 4.33487 0 -4.54486 6.71591 0 0 0 0 
-9.7268 3.66835 0 -10.2775 9.51791 0 0 0 0 
-11.1392 2.41952 0 -12.762 10.5569 0 0 0 0 
-6.56164 4.31138 0 -4.51535 6.67678 0 0 0 0 
-9.67177 3.64622 0 -10.2173 9.45897 0 0 0 0 
-11.0719 2.40403 0 -12.6908 10.488 0 0 0 0 
-6.52554 4.28725 0 -4.48572 6.63694 0 0 0 0 
-9.61529 3.62376 0 -10.1559 9.39937 0 0 0 0 
-11.0031 2.3884 0 -12.6172 10.4189 0 0 0 0 
-6.48845 4.26252 0 -4.45602 6.59648 0 0 0 0 
-9.5575 3.60103 0 -10.0934 9.33924 0 0 0 0 
-10.9332 2.37267 0 -12.5414 10.3497 0 0 0 0 
-6.45047 4.23727 0 -4.42631 6.5555 0 0 0 0 
-9.49852 3.57807 0 -10.0299 9.27867 0 0 0 0 
-10.8621 2.35684 0 -12.4636 10.2804 0 0 0 0 
-6.41163 4.21153 0 -4.39661 6.51404 0 0 0 0 
-9.4384 3.55489 0 -9.96543 9.21773 0 0 0 0 
-10.79 2.34094 0 -12.3838 10.2111 0 0 0 0 
-6.37198 4.1853 0 -4.36698 6.47214 0 0 0 0 
-9.37722 3.53152 0 -9.90015 9.15649 0 0 0 0 
-10.7168 2.32499 0 -12.3022 10.1419 0 0 0 0 
-6.33169 4.15872 0 -4.3375 6.42998 0 0 0 0 
-9.31542 3.50813 0 -9.83449 9.09535 0 0 0 0 
-10.6435 2.30913 0 -12.2195 10.0735 0 0 0 0 
-6.29106 4.13198 0 -4.30836 6.38783 0 0 0 0 
-9.25328 3.48481 0 -9.76871 9.03454 0 0 0 0 
-10.57 2.29337 0 -12.1361 10.0057 0 0 0 0 
-6.25013 4.10509 0 -4.27957 6.34573 0 0 0 0 
-9.19077 3.46154 0 -9.7028 8.97406 0 0 0 0 
-10.4962 2.27771 0 -12.0516 9.93877 0 0 0 0 
-6.20884 4.07802 0 -4.25113 6.30365 0 0 0 0 
-9.12788 3.43833 0 -9.63675 8.9139 0 0 0 0 
-10.4223 2.26216 0 -11.9662 9.87257 0 0 0 0 
-6.16723 4.05081 0 -4.22305 6.26162 0 0 0 0 
-9.06466 3.4152 0 -9.57061 8.85412 0 0 0 0 
-10.3482 2.24673 0 -11.8798 9.8072 0 0 0 0 
-6.12533 4.02346 0 -4.19538 6.21968 0 0 0 0 
-9.00115 3.39217 0 -9.50444 8.79477 0 0 0 0 
-10.274 2.23143 0 -11.7927 9.74272 0 0 0 0 
-6.08317 3.996 0 -4.16811 6.17784 0 0 0 0 
-8.9374 3.36926 0 -9.43827 8.73589 0 0 0 0 
-10.1999 2.21627 0 -11.7048 9.67917 0 0 0 0 
-6.04079 3.96845 0 -4.14129 6.13616 0 0 0 0 
-8.87347 3.34648 0 -9.37218 8.67753 0 0 0 0 
-10.1257 2.20127 0 -11.6162 9.61662 0 0 0 0 
-5.99821 3.94084 0 -4.11492 6.09467 0 0 0 0 
-8.80941 3.32385 0 -9.30621 8.61975 0 0 0 0 
-10.0517 2.18644 0 -11.5271 9.55511 0 0 0 0 
-5.95547 3.91318 0 -4.08905 6.05339 0 0 0 0 
-8.74527 3.30139 0 -9.24042 8.56258 0 0 0 0 
-9.97785 2.17178 0 -11.4373 9.4947 0 0 0 0 
-5.91262 3.8855 0 -4.06368 6.01237 0 0 0 0 
-8.6811 3.27913 0 -9.17486 8.50608 0 0 0 0 
-9.90422 2.15733 0 -11.3472 9.43544 0 0 0 0 
-5.86967 3.85782 0 -4.03884 5.97163 0 0 0 0 
-8.61696 3.25707 0 -9.10959 8.4503 0 0 0 0 
-9.83086 2.14308 0 -11.2566 9.37738 0 0 0 0 
-5.82672 3.83019 0 -4.01456 5.93126 0 0 0 0 
-8.55303 3.23528 0 -9.04478 8.39537 0 0 0 0 
-9.75808 2.12909 0 -11.166 9.32072 0 0 0 0 
-5.78391 3.80271 0 -3.99092 5.89136 0 0 0 0 
-8.48947 3.21381 0 -8.9806 8.34143 0 0 0 0 
-9.68599 2.11537 0 -11.0755 9.26551 0 0 0 0 
-5.74128 3.7754 0 -3.96792 5.85199 0 0 0 0 
-8.42632 3.19267 0 -8.91708 8.28849 0 0 0 0 
-9.61458 2.10192 0 -10.9853 9.21176 0 0 0 0 
-5.69886 3.74827 0 -3.94559 5.81317 0 0 0 0 
-8.36364 3.17188 0 -8.85428 8.23661 0 0 0 0 
-9.54397 2.08878 0 -10.8953 9.15955 0 0 0 0 
-5.65671 3.72137 0 -3.92394 5.77493 0 0 0 0 
-8.30149 3.15146 0 -8.79226 8.18582 0 0 0 0 
-9.4742 2.07593 0 -10.8056 9.1089 0 0 0 0 
-5.61483 3.69471 0 -3.90299 5.7373 0 0 0 0 
-8.2399 3.13141 0 -8.73105 8.13617 0 0 0 0 
-9.4053 2.06339 0 -10.7163 9.05984 0 0 0 0 
-5.57326 3.66829 0 -3.88275 5.7003 0 0 0 0 
-8.17891 3.11175 0 -8.67069 8.08767 0 0 0 0 
-9.33732 2.05117 0 -10.6275 9.01242 0 0 0 0 
-5.53202 3.64214 0 -3.86323 5.66396 0 0 0 0 
-8.11855 3.0925 0 -8.61121 8.04037 0 0 0 0 
-9.27029 2.03928 0 -10.5392 8.96664 0 0 0 0 
-5.49113 3.61627 0 -3.84445 5.62829 0 0 0 0 
-8.05885 3.07366 0 -8.55265 7.99428 0 0 0 0 
-9.20425 2.02772 0 -10.4514 8.92255 0 0 0 0 
-5.45063 3.5907 0 -3.82641 5.59331 0 0 0 0 
-7.99985 3.05524 0 -8.49504 7.94942 0 0 0 0 
-9.13925 2.01649 0 -10.3642 8.88015 0 0 0 0 
-5.41052 3.56543 0 -3.80912 5.55905 0 0 0 0 
-7.94159 3.03726 0 -8.43841 7.90583 0 0 0 0 
-9.07531 2.0056 0 -10.2776 8.83949 0 0 0 0 
-5.37082 3.54049 0 -3.79259 5.52551 0 0 0 0 
-7.88407 3.0197 0 -8.38276 7.86349 0 0 0 0 
-9.01241 1.99505 0 -10.1917 8.8005 0 0 0 0 
-5.33154 3.51586 0 -3.7768 5.49268 0 0 0 0 
-7.82729 3.00258 0 -8.32809 7.8224 0 0 0 0 
-8.95059 1.98484 0 -10.1065 8.7632 0 0 0 0 
-5.2927 3.49156 0 -3.76175 5.46058 0 0 0 0 
-7.77129 2.9859 0 -8.27444 7.78259 0 0 0 0 
-8.88987 1.97498 0 -10.0219 8.7276 0 0 0 0 
-5.25432 3.4676 0 -3.74746 5.42923 0 0 0 0 
-7.71611 2.96966 0 -8.22184 7.74405 0 0 0 0 
-8.83028 1.96546 0 -9.93821 8.69372 0 0 0 0 
-5.21641 3.444 0 -3.73392 5.39864 0 0 0 0 
-7.66176 2.95388 0 -8.1703 7.70683 0 0 0 0 
-8.77187 1.95629 0 -9.8553 8.66159 0 0 0 0 
-5.179 3.42077 0 -3.72115 5.36883 0 0 0 0 
-7.60828 2.93857 0 -8.11987 7.67094 0 0 0 0 
-8.71467 1.94748 0 -9.77326 8.63123 0 0 0 0 
-5.14213 3.39793 0 -3.70918 5.33984 0 0 0 0 
-7.55575 2.92375 0 -8.07061 7.63645 0 0 0 0 
-8.65877 1.93906 0 -9.69219 8.60272 0 0 0 0 
-5.10583 3.37551 0 -3.69801 5.31169 0 0 0 0 
-7.50419 2.90943 0 -8.02257 7.60339 0 0 0 0 
-8.60419 1.93102 0 -9.61214 8.57607 0 0 0 0 
-5.07012 3.35352 0 -3.68767 5.28441 0 0 0 0 
-7.45364 2.89562 0 -7.97576 7.57177 0 0 0 0 
-8.55097 1.92336 0 -9.53316 8.5513 0 0 0 0 
-5.03503 3.33197 0 -3.67814 5.25801 0 0 0 0 
-7.40413 2.88233 0 -7.93022 7.54161 0 0 0 0 
-8.49915 1.9161 0 -9.4553 8.52839 0 0 0 0 
-5.00057 3.31087 0 -3.66942 5.2325 0 0 0 0 
-7.35568 2.86956 0 -7.88596 7.51289 0 0 0 0 
-8.44873 1.90922 0 -9.37864 8.50732 0 0 0 0 
-4.96678 3.29025 0 -3.6615 5.20789 0 0 0 0 
-7.30834 2.85731 0 -7.84301 7.48564 0 0 0 0 
-8.39975 1.90272 0 -9.30321 8.48809 0 0 0 0 
-4.93367 3.2701 0 -3.65439 5.18418 0 0 0 0 
-7.26212 2.84559 0 -7.80139 7.45986 0 0 0 0 
-8.35223 1.89663 0 -9.22905 8.47072 0 0 0 0 
-4.90125 3.25044 0 -3.64809 5.16139 0 0 0 0 
-7.21705 2.8344 0 -7.76111 7.43555 0 0 0 0 
-8.3062 1.89092 0 -9.15621 8.45521 0 0 0 0 
-4.86955 3.23128 0 -3.6426 5.13954 0 0 0 0 
-7.17314 2.82376 0 -7.72221 7.41275 0 0 0 0 
-8.26167 1.88561 0 -9.08469 8.44159 0 0 0 0 
-4.83856 3.21263 0 -3.63794 5.11863 0 0 0 0 
-7.13039 2.81366 0 -7.68468 7.39147 0 0 0 0 
-8.21866 1.88071 0 -9.0145 8.42987 0 0 0 0 
-4.8083 3.19448 0 -3.63411 5.09867 0 0 0 0 
-7.08884 2.80412 0 -7.64854 7.37171 0 0 0 0 
-8.17718 1.87622 0 -8.94566 8.42008 0 0 0 0 
-4.77878 3.17684 0 -3.63112 5.07967 0 0 0 0 
-7.04849 2.79513 0 -7.61383 7.35351 0 0 0 0 
-8.13727 1.87214 0 -8.87822 8.41221 0 0 0 0 
-4.75001 3.15974 0 -3.62897 5.06165 0 0 0 0 
-7.00939 2.78671 0 -7.58055 7.33685 0 0 0 0 
-8.09894 1.86847 0 -8.81222 8.40629 0 0 0 0 
-4.72203 3.14318 0 -3.62765 5.04461 0 0 0 0 
-6.97157 2.77886 0 -7.54874 7.32175 0 0 0 0 
-8.06226 1.86521 0 -8.74781 8.40225 0 0 0 0 
-4.69488 3.12719 0 -3.62714 5.02858 0 0 0 0 
-6.93508 2.77158 0 -7.51845 7.30822 0 0 0 0 
-8.02725 1.86236 0 -8.68503 8.40009 0 0 0 0 
-4.66858 3.11178 0 -3.62745 5.01356 0 0 0 0 
-6.89994 2.76488 0 -7.48967 7.29624 0 0 0 0 
-7.99391 1.85992 0 -8.62391 8.39981 0 0 0 0 
-4.64312 3.09693 0 -3.62858 4.99955 0 0 0 0 
-6.86609 2.75875 0 -7.46236 7.28581 0 0 0 0 
-7.96217 1.85789 0 -8.56426 8.40141 0 0 0 0 
-4.61843 3.08263 0 -3.63053 4.98651 0 0 0 0 
-6.83351 2.75317 0 -7.4365 7.27691 0 0 0 0 
-7.93203 1.85627 0 -8.50613 8.40491 0 0 0 0 
-4.59455 3.06889 0 -3.63329 4.97446 0 0 0 0 
-6.80221 2.74816 0 -7.41212 7.26957 0 0 0 0 
-7.90352 1.85505 0 -8.44954 8.41029 0 0 0 0 
-4.57148 3.0557 0 -3.63688 4.9634 0 0 0 0 
-6.77221 2.74373 0 -7.38921 7.26378 0 0 0 0 
-7.87665 1.85425 0 -8.39452 8.41758 0 0 0 0 
-4.54925 3.04308 0 -3.64129 4.95336 0 0 0 0 
-6.74359 2.73988 0 -7.36786 7.25959 0 0 0 0 
-7.85153 1.85387 0 -8.34124 8.4268 0 0 0 0 
-4.52801 3.03113 0 -3.64655 4.94443 0 0 0 0 
-6.71663 2.73669 0 -7.34831 7.25713 0 0 0 0 
-7.82852 1.85396 0 -8.29029 8.43805 0 0 0 0 
-4.50789 3.01992 0 -3.65268 4.9367 0 0 0 0 
-6.69135 2.73415 0 -7.33057 7.2564 0 0 0 0 
-7.80749 1.8545 0 -8.24149 8.45126 0 0 0 0 
-4.48883 3.00942 0 -3.65963 4.93012 0 0 0 0 
-6.66769 2.73224 0 -7.31457 7.25734 0 0 0 0 
-7.78839 1.85546 0 -8.19479 8.46635 0 0 0 0 
-4.47083 2.99962 0 -3.66738 4.92466 0 0 0 0 
-6.64571 2.73098 0 -7.30036 7.25995 0 0 0 0 
-7.77131 1.85686 0 -8.15038 8.48332 0 0 0 0 
-4.45396 2.99057 0 -3.67594 4.92038 0 0 0 0 
-6.62545 2.73035 0 -7.28797 7.26423 0 0 0 0 
-7.75627 1.85869 0 -8.1083 8.50216 0 0 0 0 
-4.43824 2.98226 0 -3.68529 4.91725 0 0 0 0 
-6.60693 2.73037 0 -7.27741 7.27019 0 0 0 0 
-7.74328 1.86096 0 -8.06857 8.52284 0 0 0 0 
-4.42366 2.9747 0 -3.69542 4.9153 0 0 0 0 
-6.59016 2.73104 0 -7.26869 7.27781 0 0 0 0 
-7.73234 1.86366 0 -8.03122 8.54535 0 0 0 0 
-4.41021 2.96789 0 -3.70633 4.91449 0 0 0 0 
-6.57508 2.73233 0 -7.26174 7.28705 0 0 0 0 
-7.72335 1.86677 0 -7.99611 8.56963 0 0 0 0 
-4.3978 2.96176 0 -3.71797 4.91475 0 0 0 0 
-6.5615 2.73419 0 -7.25638 7.29779 0 0 0 0 
-7.71606 1.87026 0 -7.96285 8.59557 0 0 0 0 
-4.38631 2.95624 0 -3.73032 4.91601 0 0 0 0 
-6.54934 2.7366 0 -7.25256 7.30998 0 0 0 0 
-7.71048 1.87412 0 -7.93148 8.62316 0 0 0 0 
-4.37576 2.95134 0 -3.74338 4.91825 0 0 0 0 
-6.53863 2.73956 0 -7.25028 7.32362 0 0 0 0 
-7.70662 1.87837 0 -7.90203 8.65239 0 0 0 0 
-4.36615 2.94706 0 -3.75714 4.92149 0 0 0 0 
-6.52936 2.74308 0 -7.24955 7.3387 0 0 0 0 
-7.70449 1.88299 0 -7.87451 8.68323 0 0 0 0 
-4.35762 2.94348 0 -3.77161 4.9258 0 0 0 0 
-6.52188 2.74722 0 -7.25064 7.35538 0 0 0 0 
-7.70457 1.88804 0 -7.84973 8.71583 0 0 0 0 
-4.35046 2.94078 0 -3.78681 4.93138 0 0 0 0 
-6.51655 2.75207 0 -7.25389 7.37383 0 0 0 0 
-7.70719 1.89355 0 -7.82825 8.75022 0 0 0 0 
-4.34473 2.939 0 -3.80272 4.93824 0 0 0 0 
-6.51319 2.75756 0 -7.25909 7.39386 0 0 0 0 
-7.71186 1.89943 0 -7.80942 8.78608 0 0 0 0 
-4.34026 2.93801 0 -3.81924 4.94621 0 0 0 0 
-6.51166 2.76364 0 -7.26611 7.41535 0 0 0 0 
-7.7186 1.90568 0 -7.79327 8.82338 0 0 0 0 
-4.33707 2.93784 0 -3.83637 4.95532 0 0 0 0 
-6.51211 2.77035 0 -7.27506 7.43836 0 0 0 0 
-7.72758 1.91233 0 -7.78012 8.86216 0 0 0 0 
-4.33528 2.93854 0 -3.8541 4.96562 0 0 0 0 
-6.51457 2.77768 0 -7.28597 7.46289 0 0 0 0 
-7.73878 1.91936 0 -7.76999 8.90238 0 0 0 0 
-4.33487 2.94012 0 -3.87241 4.97709 0 0 0 0 
-6.51905 2.78563 0 -7.29885 7.48892 0 0 0 0 
-7.7522 1.92676 0 -7.76286 8.94399 0 0 0 0 
-4.33584 2.94256 0 -3.8913 4.98972 0 0 0 0 
-6.52553 2.79418 0 -7.31365 7.51641 0 0 0 0 
-7.76782 1.93452 0 -7.75874 8.98694 0 0 0 0 
-4.33809 2.94581 0 -3.9107 5.00344 0 0 0 0 
-6.53375 2.80327 0 -7.33014 7.54519 0 0 0 0 
-7.78521 1.94259 0 -7.75702 9.03104 0 0 0 0 
-4.34142 2.94973 0 -3.93058 5.01807 0 0 0 0 
-6.54348 2.81283 0 -7.3481 7.5751 0 0 0 0 
-7.8042 1.95094 0 -7.75745 9.07616 0 0 0 0 
-4.34593 2.95439 0 -3.95089 5.03366 0 0 0 0 
-6.55517 2.82295 0 -7.36791 7.60633 0 0 0 0 
-7.82556 1.95964 0 -7.76133 9.12249 0 0 0 0 
-4.3521 2.96008 0 -3.97168 5.05053 0 0 0 0 
-6.5694 2.83376 0 -7.39007 7.63913 0 0 0 0 
-7.84979 1.96875 0 -7.7695 9.17009 0 0 0 0 
-4.36018 2.96693 0 -3.99297 5.06881 0 0 0 0 
-6.58633 2.84528 0 -7.41469 7.67354 0 0 0 0 
-7.87683 1.97824 0 -7.78194 9.21889 0 0 0 0 
-4.37016 2.97494 0 -4.01472 5.08849 0 0 0 0 
-6.60592 2.8575 0 -7.44174 7.70951 0 0 0 0 
-7.90665 1.98811 0 -7.79862 9.26881 0 0 0 0 
-4.382 2.9841 0 -4.03688 5.10952 0 0 0 0 
-6.62814 2.87039 0 -7.47116 7.74697 0 0 0 0 
-7.93919 1.99833 0 -7.81953 9.31978 0 0 0 0 
-4.3957 2.99437 0 -4.05943 5.13185 0 0 0 0 
-6.65292 2.88392 0 -7.50289 7.78584 0 0 0 0 
-7.97436 2.00888 0 -7.84455 9.37167 0 0 0 0 
-4.41108 3.00567 0 -4.08227 5.15536 0 0 0 0 
-6.67991 2.89799 0 -7.53656 7.82583 0 0 0 0 
-8.01158 2.01967 0 -7.87294 9.42413 0 0 0 0 
-4.42793 3.01785 0 -4.10531 5.17984 0 0 0 0 
-6.70891 2.91252 0 -7.57199 7.8668 0 0 0 0 
-8.05085 2.03069 0 -7.90467 9.47709 0 0 0 0 
-4.44622 3.03089 0 -4.12851 5.20526 0 0 0 0 
-6.73992 2.92751 0 -7.60916 7.9087 0 0 0 0 
-8.09212 2.04191 0 -7.93976 9.53052 0 0 0 0 
-4.46596 3.04479 0 -4.15186 5.2316 0 0 0 0 
-6.7729 2.94294 0 -7.64803 7.9515 0 0 0 0 
-8.13536 2.05334 0 -7.97817 9.58434 0 0 0 0 
-4.48741 3.05972 0 -4.17538 5.25905 0 0 0 0 
-6.80865 2.95899 0 -7.6893 7.99559 0 0 0 0 
-8.1818 2.06513 0 -8.02186 9.63897 0 0 0 0 
-4.51122 3.07606 0 -4.19917 5.28804 0 0 0 0 
-6.84777 2.97583 0 -7.73348 8.04128 0 0 0 0 
-8.23174 2.0773 0 -8.07131 9.69443 0 0 0 0 
-4.53753 3.09388 0 -4.22324 5.31865 0 0 0 0 
-6.89029 2.99342 0 -7.78062 8.08853 0 0 0 0 
-8.28507 2.08982 0 -8.12648 9.75063 0 0 0 0 
-4.56626 3.11316 0 -4.24752 5.3508 0 0 0 0 
-6.93614 3.01175 0 -7.83061 8.13726 0 0 0 0 
-8.34169 2.10268 0 -8.18721 9.80745 0 0 0 0 
-4.59737 3.13385 0 -4.27196 5.38443 0 0 0 0 
-6.98522 3.03077 0 -7.88333 8.18735 0 0 0 0 
-8.40147 2.11584 0 -8.25339 9.86476 0 0 0 0 
-4.63079 3.15591 0 -4.29654 5.41947 0 0 0 0 
-7.03742 3.05045 0 -7.9387 8.23871 0 0 0 0 
-8.46429 2.12928 0 -8.32487 9.92243 0 0 0 0 
-4.66645 3.17929 0 -4.32117 5.45585 0 0 0 0 
-7.09264 3.07074 0 -7.99659 8.29123 0 0 0 0 
-8.53003 2.14296 0 -8.40153 9.98038 0 0 0 0 
-4.70428 3.20394 0 -4.34582 5.4935 0 0 0 0 
-7.15077 3.0916 0 -8.05688 8.34481 0 0 0 0 
-8.59854 2.15687 0 -8.48319 10.0385 0 0 0 0 
-4.74422 3.22983 0 -4.37047 5.53237 0 0 0 0 
-7.21176 3.11303 0 -8.11955 8.39943 0 0 0 0 
-8.66985 2.171 0 -8.56981 10.0968 0 0 0 0 
-4.78627 3.25697 0 -4.39514 5.57247 0 0 0 0 
-7.27562 3.13504 0 -8.1846 8.45514 0 0 0 0 
-8.74397 2.1854 0 -8.66138 10.1554 0 0 0 0 
-4.83041 3.28534 0 -4.41986 5.61381 0 0 0 0 
-7.3423 3.15762 0 -8.25201 8.51192 0 0 0 0 
-8.82081 2.20002 0 -8.75782 10.2142 0 0 0 0 
-4.87659 3.3149 0 -4.44458 5.65634 0 0 0 0 
-7.4117 3.18073 0 -8.32167 8.56969 0 0 0 0 
-8.90028 2.21484 0 -8.85895 10.2732 0 0 0 0 
-4.92473 3.34562 0 -4.46928 5.69999 0 0 0 0 
-7.48375 3.20436 0 -8.39349 8.62837 0 0 0 0 
-8.98225 2.22986 0 -8.96466 10.3322 0 0 0 0 
-4.97492 3.37753 0 -4.49398 5.74482 0 0 0 0 
-7.5587 3.22856 0 -8.46774 8.68813 0 0 0 0 
-9.06723 2.24515 0 -9.07564 10.3915 0 0 0 0 
-5.02742 3.4108 0 -4.51874 5.79102 0 0 0 0 
-7.63691 3.25344 0 -8.54472 8.74919 0 0 0 0 
-9.15551 2.26073 0 -9.19238 10.4513 0 0 0 0 
-5.08233 3.44551 0 -4.5436 5.83869 0 0 0 0 
-7.71837 3.27899 0 -8.62443 8.81154 0 0 0 0 
-9.24693 2.2766 0 -9.31464 10.5114 0 0 0 0 
-5.13956 3.48158 0 -4.5685 5.88772 0 0 0 0 
-7.80292 3.30515 0 -8.70671 8.87503 0 0 0 0 
-9.3413 2.2927 0 -9.44217 10.5717 0 0 0 0 
-5.19895 3.51892 0 -4.59346 5.93804 0 0 0 0 
-7.89032 3.33193 0 -8.79139 8.9397 0 0 0 0 
-9.43842 2.3091 0 -9.57433 10.6326 0 0 0 0 
-5.26028 3.55742 0 -4.61854 5.98956 0 0 0 0 
-7.9803 3.35924 0 -8.87827 9.00544 0 0 0 0 
-9.538 2.32571 0 -9.71084 10.6937 0 0 0 0 
-5.32339 3.59696 0 -4.64363 6.04212 0 0 0 0 
-8.0726 3.38699 0 -8.96703 9.07194 0 0 0 0 
-9.63969 2.34245 0 -9.8513 10.7548 0 0 0 0 
-5.38812 3.63744 0 -4.66859 6.09553 0 0 0 0 
-8.167 3.4151 0 -9.05745 9.13902 0 0 0 0 
-9.74329 2.3593 0 -9.99544 10.8156 0 0 0 0 
-5.45433 3.67877 0 -4.69337 6.14968 0 0 0 0 
-8.2633 3.44351 0 -9.14935 9.20651 0 0 0 0 
-9.84858 2.37621 0 -10.143 10.876 0 0 0 0 
-5.52189 3.72086 0 -4.71792 6.20446 0 0 0 0 
-8.3613 3.47216 0 -9.24255 9.27431 0 0 0 0 
-9.95533 2.39315 0 -10.2935 10.936 0 0 0 0 
-5.59058 3.76361 0 -4.74227 6.25977 0 0 0 0 
-8.46066 3.50103 0 -9.33679 9.34241 0 0 0 0 
-10.0632 2.41016 0 -10.4463 10.9958 0 0 0 0 
-5.66016 3.80686 0 -4.76653 6.31553 0 0 0 0 
-8.56115 3.53007 0 -9.43191 9.41078 0 0 0 0 
-10.1721 2.42721 0 -10.6011 11.0555 0 0 0 0 
-5.73046 3.85052 0 -4.79054 6.37157 0 0 0 0 
-8.66242 3.55914 0 -9.5275 9.47897 0 0 0 0 
-10.2814 2.44415 0 -10.7574 11.1142 0 0 0 0 
-5.80125 3.89442 0 -4.81409 6.42758 0 0 0 0 
-8.76416 3.58811 0 -9.62324 9.54669 0 0 0 0 
-10.3909 2.46092 0 -10.9148 11.1718 0 0 0 0 
-5.87238 3.93846 0 -4.8371 6.48345 0 0 0 0 
-8.86615 3.61693 0 -9.71893 9.61379 0 0 0 0 
-10.5003 2.47749 0 -11.073 11.2281 0 0 0 0 
-5.94361 3.98251 0 -4.85961 6.53905 0 0 0 0 
-8.968 3.64554 0 -9.81426 9.68023 0 0 0 0 
-10.6092 2.49389 0 -11.2309 11.2836 0 0 0 0 
-6.01465 4.02641 0 -4.88172 6.59429 0 0 0 0 
-9.06945 3.67392 0 -9.90907 9.74598 0 0 0 0 
-10.7175 2.5101 0 -11.3885 11.3381 0 0 0 0 
-6.08534 4.07004 0 -4.90328 6.64896 0 0 0 0 
-9.17012 3.70188 0 -10.0029 9.81055 0 0 0 0 
-10.8245 2.52593 0 -11.5451 11.3907 0 0 0 0 
-6.15539 4.11322 0 -4.92401 6.70275 0 0 0 0 
-9.26964 3.72929 0 -10.0953 9.8736 0 0 0 0 
-10.9299 2.54134 0 -11.7004 11.4414 0 0 0 0 
-6.22462 4.15584 0 -4.94386 6.7555 0 0 0 0 
-9.36776 3.75609 0 -10.1862 9.93496 0 0 0 0 
-11.0334 2.5563 0 -11.8537 11.49 0 0 0 0 
-6.29278 4.19774 0 -4.96286 6.80708 0 0 0 0 
-9.46406 3.78222 0 -10.2751 9.99459 0 0 0 0 
-11.1347 2.57081 0 -12.0043 11.5368 0 0 0 0 
-6.35958 4.23876 0 -4.98103 6.85735 0 0 0 0 
-9.55823 3.8076 0 -10.3619 10.0523 0 0 0 0 
-11.2334 2.5848 0 -12.1519 11.5814 0 0 0 0 
-6.4248 4.27875 0 -4.99818 6.90605 0 0 0 0 
-9.64984 3.83204 0 -10.446 10.1076 0 0 0 0 
-11.3289 2.59811 0 -12.2958 11.6231 0 0 0 0 
-6.48816 4.31753 0 -5.01407 6.95287 0 0 0 0 
-9.73857 3.85543 0 -10.527 10.1602 0 0 0 0 
-11.421 2.6107 0 -12.4356 11.6618 0 0 0 0 
-6.5495 4.35498 0 -5.02866 6.99768 0 0 0 0 
-9.82413 3.87769 0 -10.6048 10.2098 0 0 0 0 
-11.5093 2.62254 0 -12.5708 11.6973 0 0 0 0 
-6.60854 4.39096 0 -5.04196 7.04034 0 0 0 0 
-9.9061 3.89876 0 -10.679 10.2566 0 0 0 0 
-11.5933 2.63361 0 -12.7007 11.7298 0 0 0 0 
-6.66495 4.42526 0 -5.05391 7.08062 0 0 0 0 
-9.98406 3.91849 0 -10.7492 10.2999 0 0 0 0 
-11.6727 2.64379 0 -12.8246 11.7588 0 0 0 0 
-6.71848 4.45772 0 -5.06429 7.11823 0 0 0 0 
-10.0576 3.93673 0 -10.8149 10.3395 0 0 0 0 
-11.7469 2.65296 0 -12.942 11.7837 0 0 0 0 
-6.76893 4.4882 0 -5.07293 7.15294 0 0 0 0 
-10.1265 3.95338 0 -10.8759 10.3751 0 0 0 0 
-11.8156 2.6611 0 -13.0528 11.8043 0 0 0 0 
