0.01
-0.626138 -2.89869 0 30.7014 0.628098 0 0 0 0 
-1.25082 -4.31435 0 36.9303 1.25759 0 0 0 0 
-2.08809 -5.23223 0 37.4452 2.09374 0 0 0 0 
-3.33497 -6.26786 0 36.5457 3.34447 0 0 0 0 
-4.2625 -6.96338 0 35.4361 4.27136 0 0 0 0 
-5.40623 -7.96034 0 33.9465 5.42641 0 0 0 0 
-5.9327 -8.72496 0 31.9677 5.96264 0 0 0 0 
-6.20171 -9.43776 0 29.7443 6.23286 0 0 0 0 
-6.22402 -10.3201 0 26.7633 6.28045 0 0 0 0 
-5.70289 -10.9244 0 23.4868 5.77139 0 0 0 0 
-5.26055 -11.212 0 21.2753 5.31498 0 0 0 0 
-4.27168 -11.3087 0 18.5599 4.3126 0 0 0 0 
-3.21461 -11.388 0 15.8684 3.24068 0 0 0 0 
-2.5981 -11.3828 0 14.1398 2.62299 0 0 0 0 
-1.87452 -11.3766 0 12.3726 1.89448 0 0 0 0 
-1.16326 -11.3546 0 10.7904 1.17796 0 0 0 0 
-0.866481 -11.2833 0 9.6406 0.879243 0 0 0 0 
-0.546602 -11.235 0 8.62786 0.556707 0 0 0 0 
-0.2761 -11.2006 0 7.79932 0.283484 0 0 0 0 
-0.0158547 -11.1505 0 7.18071 0.0204808 0 0 0 0 
-0.134681 -11.0552 0 6.64345 0.138244 0 0 0 0 
-0.151755 -10.987 0 6.33622 0.153633 0 0 0 0 
-0.185675 -10.9346 0 6.18883 0.185882 0 0 0 0 
-0.423002 -10.8281 0 5.87701 0.422409 0 0 0 0 
-0.445206 -10.7391 0 5.83292 0.443339 0 0 0 0 
-0.463323 -10.6637 0 5.94663 0.460207 0 0 0 0 
-0.717822 -10.4914 0 5.93874 0.713951 0 0 0 0 
-0.685694 -10.4024 0 6.13834 0.680658 0 0 0 0 
-0.631002 -10.3308 0 6.48722 0.624767 0 0 0 0 
-0.695324 -10.1481 0 6.6741 0.687816 0 0 0 0 
-0.576133 -10.0488 0 7.12598 0.567265 0 0 0 0 
-0.116443 -9.98307 0 7.97474 0.106991 0 0 0 0 
-0.0362173 -9.68128 0 8.76654 0.0258721 0 0 0 0 
0.503935 -9.71775 0 9.57586 -0.515714 0 0 0 0 
1.05644 -9.65256 0 10.6895 -1.06888 0 0 0 0 
1.88578 -9.48448 0 12.5024 -1.89889 0 0 0 0 
2.80176 -9.54655 0 14.1483 -2.81661 0 0 0 0 
3.79011 -9.54782 0 16.1073 -3.80731 0 0 0 0 
4.94036 -9.32344 0 19.3952 -4.97122 0 0 0 0 
6.19298 -9.37177 0 22.3483 -6.23587 0 0 0 0 
7.10943 -9.07262 0 25.6235 -7.167 0 0 0 0 
7.54159 -8.27251 0 29.9312 -7.56409 0 0 0 0 
7.9689 -7.70461 0 33.6465 -7.97697 0 0 0 0 
7.90731 -6.94697 0 37.0911 -7.89168 0 0 0 0 
6.67154 -6.01035 0 39.2504 -6.59745 0 0 0 0 
5.30602 -5.11321 0 41.2945 -5.1771 0 0 0 0 
3.85068 -4.55524 0 42.0877 -3.77776 0 0 0 0 
1.81367 -4.03321 0 42.8073 -1.6961 0 0 0 0 
0.208689 -3.96458 0 43.0415 -0.183654 0 0 0 0 
-1.65493 -4.13086 0 43.2237 1.61354 0 0 0 0 
-1.49606 -2.32748 0 44.7827 1.43694 0 0 0 0 
-3.05414 -3.69638 0 46.1151 2.9733 0 0 0 0 
-4.7892 -4.91258 0 44.3896 4.63369 0 0 0 0 
-6.94141 -6.40411 0 42.8412 6.75932 0 0 0 0 
-9.00038 -8.08046 0 40.5387 8.88081 0 0 0 0 
-10.003 -9.54613 0 37.4759 9.87352 0 0 0 0 
-10.5007 -11.2023 0 31.7113 10.707 0 0 0 0 
-9.48782 -11.624 0 27.5589 9.61444 0 0 0 0 
-7.8753 -11.8955 0 22.2404 8.01251 0 0 0 0 
-5.28158 -11.3731 0 16.3238 5.42165 0 0 0 0 
-3.94922 -11.2019 0 13.8896 4.01999 0 0 0 0 
-1.89578 -10.7742 0 10.0014 1.92824 0 0 0 0 
-0.790339 -10.2748 0 8.37363 0.825671 0 0 0 0 
0.564191 -9.86495 0 6.25692 -0.54374 0 0 0 0 
0.898504 -9.91987 0 5.2778 -0.879945 0 0 0 0 
1.45095 -9.92162 0 4.19217 -1.43888 0 0 0 0 
1.57833 -9.79539 0 3.25229 -1.56735 0 0 0 0 
1.69306 -9.82039 0 2.58567 -1.68491 0 0 0 0 
1.7387 -9.90253 0 2.09369 -1.73323 0 0 0 0 
1.46111 -9.80001 0 1.66919 -1.45663 0 0 0 0 
1.24971 -9.83723 0 1.40473 -1.24682 0 0 0 0 
1.00264 -9.92235 0 1.26526 -1.0013 0 0 0 0 
0.666725 -9.78834 0 0.838339 -0.666021 0 0 0 0 
0.342343 -9.81564 0 0.731328 -0.34278 0 0 0 0 
-0.0889389 -9.65841 0 0.69244 0.0880631 0 0 0 0 
-0.457624 -9.60351 0 0.706302 0.455925 0 0 0 0 
-0.828188 -9.58976 0 0.800804 0.825637 0 0 0 0 
-1.19392 -9.34592 0 0.766728 1.19067 0 0 0 0 
-1.52783 -9.26844 0 0.892455 1.52369 0 0 0 0 
-1.84855 -9.01157 0 0.969843 1.84341 0 0 0 0 
-2.08721 -8.85545 0 1.3009 2.08107 0 0 0 0 
-2.1953 -8.76547 0 1.5662 2.18769 0 0 0 0 
-2.43308 -8.41932 0 1.85897 2.42427 0 0 0 0 
-2.49173 -8.30036 0 2.10458 2.48098 0 0 0 0 
-2.49618 -8.12196 0 2.59861 2.4836 0 0 0 0 
-2.25825 -7.81094 0 3.20616 2.24372 0 0 0 0 
-1.97102 -7.78712 0 3.6307 1.95324 0 0 0 0 
-1.22833 -7.92098 0 4.56119 1.20762 0 0 0 0 
-0.736261 -7.58668 0 5.55281 0.710982 0 0 0 0 
0.0743312 -7.53622 0 6.66282 -0.105608 0 0 0 0 
1.7265 -8.17515 0 8.82276 -1.76834 0 0 0 0 
3.19096 -8.3756 0 11.137 -3.24527 0 0 0 0 
5.43249 -8.84915 0 15.1794 -5.55591 0 0 0 0 
7.5879 -9.36954 0 19.1017 -7.80868 0 0 0 0 
10.1128 -9.55471 0 26.4769 -10.2525 0 0 0 0 
12.4415 -9.79938 0 33.1968 -12.5412 0 0 0 0 
13.0935 -8.59436 0 42.13 -12.6395 0 0 0 0 
12.7494 -7.32385 0 47.2134 -12.1887 0 0 0 0 
11.4087 -5.69848 0 50.9893 -10.7938 0 0 0 0 
8.35298 -4.23025 0 51.6561 -8.0407 0 0 0 0 
2.49763 -2.20248 0 60.143 -2.67358 0 0 0 0 
2.67255 -2.22963 0 55.9788 -2.74092 0 0 0 0 
1.5052 -2.08092 0 52.8029 -1.57513 0 0 0 0 
-0.229564 -2.16536 0 50.9641 0.148935 0 0 0 0 
-2.28007 -2.56259 0 50.4857 2.226 0 0 0 0 
-4.64452 -3.36645 0 51.2652 4.66717 0 0 0 0 
-7.43115 -4.73867 0 52.9321 7.57188 0 0 0 0 
-10.7422 -6.85846 0 54.5645 10.998 0 0 0 0 
-14.6041 -9.75355 0 54.0113 14.7027 0 0 0 0 
-18.2611 -13.0389 0 46.3506 17.5694 0 0 0 0 
-15.8621 -13.2559 0 35.782 15.6399 0 0 0 0 
-10.8765 -11.3166 0 22.9786 11.3845 0 0 0 0 
-5.29916 -9.35961 0 9.0615 6.62624 0 0 0 0 
-1.92671 -6.26172 0 8.27498 2.23519 0 0 0 0 
0.374964 -5.03092 0 5.74035 -0.207247 0 0 0 0 
3.0414 -3.48928 0 2.67543 -3.03143 0 0 0 0 
3.5919 -4.0129 0 1.98345 -3.53221 0 0 0 0 
4.16439 -4.50718 0 1.10622 -4.10951 0 0 0 0 
4.99128 -4.01591 0 0.0426851 -4.96239 0 0 0 0 
4.96357 -4.45081 0 -0.376181 -4.94398 0 0 0 0 
5.06394 -4.83098 0 -0.765992 -5.05864 0 0 0 0 
4.83075 -5.49295 0 -1.04811 -4.82931 0 0 0 0 
4.78819 -5.38588 0 -1.48798 -4.7855 0 0 0 0 
4.46567 -5.76165 0 -1.68393 -4.46304 0 0 0 0 
4.17409 -6.18255 0 -1.86504 -4.17211 0 0 0 0 
3.90642 -6.18896 0 -2.15672 -3.90484 0 0 0 0 
3.48257 -6.43384 0 -2.23775 -3.48059 0 0 0 0 
3.08999 -6.71999 0 -2.33431 -3.08793 0 0 0 0 
2.7016 -6.69051 0 -2.51169 -2.70003 0 0 0 0 
2.29409 -6.82648 0 -2.62234 -2.29275 0 0 0 0 
1.84087 -7.00855 0 -2.64434 -1.83956 0 0 0 0 
1.40069 -6.90943 0 -2.70304 -1.39965 0 0 0 0 
0.950514 -6.97257 0 -2.71674 -0.949662 0 0 0 0 
0.493958 -7.07215 0 -2.70829 -0.493408 0 0 0 0 
0.0530855 -6.90367 0 -2.73159 -0.0526417 0 0 0 0 
-0.395987 -6.90195 0 -2.70052 0.396155 0 0 0 0 
-0.834782 -6.78185 0 -2.65898 0.834772 0 0 0 0 
-1.26948 -6.69899 0 -2.60707 1.2691 0 0 0 0 
-1.70117 -6.64183 0 -2.53878 1.70048 0 0 0 0 
-2.10274 -6.44418 0 -2.44071 2.10175 0 0 0 0 
-2.50895 -6.30105 0 -2.36367 2.5075 0 0 0 0 
-2.91205 -6.19138 0 -2.26799 2.9101 0 0 0 0 
-3.26309 -5.87538 0 -2.15926 3.26076 0 0 0 0 
-3.5974 -5.69529 0 -1.96682 3.59445 0 0 0 0 
-3.9196 -5.51059 0 -1.85443 3.91584 0 0 0 0 
-4.18322 -5.13257 0 -1.6356 4.17936 0 0 0 0 
-4.48274 -4.82618 0 -1.54572 4.47835 0 0 0 0 
-4.71753 -4.5203 0 -1.3473 4.71258 0 0 0 0 
-4.80772 -4.12297 0 -1.04519 4.80116 0 0 0 0 
-5.01787 -3.69156 0 -0.989756 5.00976 0 0 0 0 
-2.77832 -2.82581 0 -2.6808 2.77409 0 0 0 0 
-4.36299 -3.21742 0 -2.8218 4.35471 0 0 0 0 
-5.04247 -2.74614 0 -1.93979 5.02635 0 0 0 0 
-5.42781 -2.08466 0 -1.35511 5.40165 0 0 0 0 
-5.29245 -1.71299 0 -0.664599 5.25583 0 0 0 0 
-5.17057 -1.33016 0 -0.399341 5.12013 0 0 0 0 
-4.75155 0.0342117 0 0.0795707 4.72017 0 0 0 0 
-4.08699 -0.175278 0 0.678116 4.01984 0 0 0 0 
-2.89695 -0.358737 0 1.85656 2.79367 0 0 0 0 
-1.8301 -0.415393 0 2.77572 1.68752 0 0 0 0 
0.510251 -2.3292 0 5.23558 -0.851631 0 0 0 0 
2.74613 -1.25954 0 8.17362 -2.94717 0 0 0 0 
7.13029 -5.04713 0 16.1433 -7.70445 0 0 0 0 
12.6334 -6.96269 0 31.1231 -12.2411 0 0 0 0 
18.1743 -10.4637 0 46.348 -17.851 0 0 0 0 
21.2044 -10.5793 0 71.5155 -20.2798 0 0 0 0 
19.4225 -8.17358 0 80.0691 -18.4817 0 0 0 0 
12.3925 -3.44129 0 85.4745 -13.403 0 0 0 0 
10.8443 -4.52757 0 57.9661 -9.92942 0 0 0 0 
8.15992 -3.46323 0 49.3779 -6.9811 0 0 0 0 
3.5592 -1.66946 0 52.8662 -3.28537 0 0 0 0 
1.66053 -1.83793 0 48.6835 -1.2707 0 0 0 0 
-2.10163 -1.62513 0 52.7517 2.15221 0 0 0 0 
-5.73256 -2.67032 0 54.664 5.61386 0 0 0 0 
-12.1649 -4.74906 0 65.0492 11.7109 0 0 0 0 
-22.3787 -9.57958 0 80.6827 20.5732 0 0 0 0 
-32.9574 -16.8279 0 88.1303 31.6247 0 0 0 0 
-21.0776 -11.6195 0 79.756 34.9516 0 0 0 0 
-13.2876 26.3041 0 51.2969 16.0537 0 0 0 0 
5.04 38.3367 0 6.80371 1.39643 0 0 0 0 
3.22744 37.311 0 8.65443 -2.40637 0 0 0 0 
7.35804 35.4049 0 -0.96659 -8.3681 0 0 0 0 
6.82968 33.6592 0 0.108553 -7.22166 0 0 0 0 
7.69937 30.8725 0 -2.09326 -8.3281 0 0 0 0 
7.14857 27.4831 0 -1.26071 -7.46824 0 0 0 0 
7.04804 24.1801 0 -1.57097 -7.26082 0 0 0 0 
7.09985 22.2823 0 -1.4898 -7.36956 0 0 0 0 
6.82422 19.1148 0 -1.43011 -7.0647 0 0 0 0 
7.06255 18.2643 0 -1.52884 -7.32359 0 0 0 0 
6.83358 15.4871 0 -1.45025 -7.09636 0 0 0 0 
6.92627 14.7119 0 -1.49919 -7.18527 0 0 0 0 
6.85531 12.8748 0 -1.488 -7.11759 0 0 0 0 
6.80871 11.6472 0 -1.49121 -7.07079 0 0 0 0 
6.76235 10.3409 0 -1.49383 -7.02568 0 0 0 0 
6.50617 9.48018 0 -1.46506 -6.68592 0 0 0 0 
6.3915 8.72145 0 -1.4968 -6.54823 0 0 0 0 
6.26044 7.75822 0 -1.50689 -6.38408 0 0 0 0 
6.14156 6.80485 0 -1.52115 -6.2323 0 0 0 0 
6.06953 6.35578 0 -1.56504 -6.14768 0 0 0 0 
5.99034 5.68502 0 -1.60074 -6.04715 0 0 0 0 
2.93717 1.54423 0 -1.16605 -2.96691 0 0 0 0 
4.17512 2.56467 0 -1.62863 -4.19537 0 0 0 0 
4.87156 3.01648 0 -1.79652 -4.88357 0 0 0 0 
5.24142 3.0426 0 -1.8541 -5.23916 0 0 0 0 
5.32146 2.96126 0 -1.86613 -5.32157 0 0 0 0 
5.32278 2.72017 0 -1.88101 -5.32209 0 0 0 0 
5.27392 2.39386 0 -1.90299 -5.27244 0 0 0 0 
5.23079 2.23808 0 -1.94086 -5.22916 0 0 0 0 
5.15905 1.95192 0 -1.98449 -5.15702 0 0 0 0 
5.0754 1.60203 0 -2.03346 -5.07283 0 0 0 0 
4.98953 1.23205 0 -2.08798 -4.98638 0 0 0 0 
4.90499 0.852912 0 -2.14772 -4.90129 0 0 0 0 
4.84327 0.66147 0 -2.22007 -4.83942 0 0 0 0 
4.66195 0.526706 0 -2.2714 -4.66003 0 0 0 0 
4.539 0.310623 0 -2.33559 -4.53792 0 0 0 0 
4.41969 0.0904638 0 -2.40275 -4.41946 0 0 0 0 
4.30413 -0.133998 0 -2.47281 -4.30473 0 0 0 0 
4.20411 -0.310814 0 -2.55384 -4.20552 0 0 0 0 
4.10548 -0.498066 0 -2.63637 -4.1077 0 0 0 0 
4.00938 -0.691375 0 -2.72122 -4.01241 0 0 0 0 
3.83992 -0.730913 0 -2.78318 -3.84201 0 0 0 0 
3.7112 -0.85308 0 -2.85908 -3.71323 0 0 0 0 
3.58492 -0.979343 0 -2.93681 -3.58688 0 0 0 0 
3.46091 -1.10989 0 -3.01649 -3.46279 0 0 0 0 
3.33891 -1.24491 0 -3.09819 -3.34072 0 0 0 0 
3.22674 -1.36463 0 -3.19089 -3.22881 0 0 0 0 
3.05728 -1.38649 0 -3.25467 -3.05933 0 0 0 0 
2.9128 -1.4631 0 -3.33145 -2.91493 0 0 0 0 
2.76872 -1.54499 0 -3.4088 -2.77089 0 0 0 0 
2.62479 -1.6323 0 -3.48687 -2.62703 0 0 0 0 
2.48091 -1.72518 0 -3.56577 -2.48315 0 0 0 0 
2.32464 -1.74035 0 -3.62742 -2.32679 0 0 0 0 
2.17099 -1.77204 0 -3.69199 -2.17306 0 0 0 0 
2.01788 -1.80743 0 -3.75675 -2.01986 0 0 0 0 
1.86018 -1.85225 0 -3.81995 -1.86206 0 0 0 0 
1.68859 -1.91723 0 -3.87822 -1.69043 0 0 0 0 
1.51603 -1.9881 0 -3.93659 -1.51786 0 0 0 0 
1.35054 -1.94371 0 -3.9614 -1.352 0 0 0 0 
1.18205 -1.95999 0 -4.00176 -1.18327 0 0 0 0 
1.01362 -1.98013 0 -4.04174 -1.0146 0 0 0 0 
0.844588 -2.00446 0 -4.08143 -0.845321 0 0 0 0 
0.651753 -2.04739 0 -4.11348 -0.652393 0 0 0 0 
0.490436 -2.00061 0 -4.10768 -0.490637 0 0 0 0 
0.316996 -2.0032 0 -4.12087 -0.316878 0 0 0 0 
0.142602 -2.00844 0 -4.13208 -0.142154 0 0 0 0 
-0.0323038 -2.01699 0 -4.1421 0.0330423 0 0 0 0 
-0.207842 -2.02887 0 -4.15095 0.208864 0 0 0 0 
-0.374665 -1.98237 0 -4.10465 0.375969 0 0 0 0 
-0.547857 -1.96798 0 -4.08322 0.549442 0 0 0 0 
-0.721232 -1.95679 0 -4.06064 0.723069 0 0 0 0 
-0.207327 -0.696254 0 -1.42173 0.208979 0 0 0 0 
-0.478522 -1.09523 0 -2.37927 0.479974 0 0 0 0 
-0.705293 -1.3464 0 -2.96997 0.707017 0 0 0 0 
-0.918384 -1.50957 0 -3.34374 0.920366 0 0 0 0 
-1.11954 -1.61376 0 -3.56173 1.12189 0 0 0 0 
-1.31302 -1.68158 0 -3.66769 1.31559 0 0 0 0 
-1.49834 -1.72322 0 -3.70792 1.50116 0 0 0 0 
-1.70199 -1.72712 0 -3.71125 1.70483 0 0 0 0 
-1.84574 -1.71085 0 -3.66104 1.8487 0 0 0 0 
-1.99482 -1.68991 0 -3.6037 1.99788 0 0 0 0 
-2.14003 -1.66621 0 -3.53898 2.14318 0 0 0 0 
-2.29962 -1.6179 0 -3.47449 2.30269 0 0 0 0 
-2.46712 -1.55777 0 -3.4103 2.47001 0 0 0 0 
-2.63378 -1.50065 0 -3.34481 2.63648 0 0 0 0 
-2.7028 -1.4561 0 -3.23228 2.70558 0 0 0 0 
-2.82997 -1.38062 0 -3.14661 2.83259 0 0 0 0 
-2.96815 -1.28521 0 -3.06548 2.97058 0 0 0 0 
-3.10677 -1.19384 0 -2.98502 3.10898 0 0 0 0 
-3.24609 -1.10649 0 -2.90513 3.24802 0 0 0 0 
-3.3372 -1.00271 0 -2.80734 3.3388 0 0 0 0 
-3.43393 -0.879347 0 -2.71523 3.4353 0 0 0 0 
-3.53668 -0.802384 0 -2.62697 3.53803 0 0 0 0 
-3.63618 -0.715685 0 -2.53823 3.63745 0 0 0 0 
-3.75337 -0.577038 0 -2.45815 3.75456 0 0 0 0 
-3.87775 -0.424482 0 -2.38197 3.87886 0 0 0 0 
-4.0041 -0.277139 0 -2.30711 4.00515 0 0 0 0 
-4.03293 -0.177389 0 -2.20514 4.03262 0 0 0 0 
-4.12324 0.0320824 0 -2.12492 4.12192 0 0 0 0 
-4.21334 0.235269 0 -2.04625 4.21098 0 0 0 0 
-4.29729 0.373241 0 -1.96532 4.29415 0 0 0 0 
-4.39044 0.554655 0 -1.89088 4.3864 0 0 0 0 
-4.49816 0.795467 0 -1.82565 4.49306 0 0 0 0 
-4.60927 1.03096 0 -1.76221 4.60313 0 0 0 0 
-4.63206 1.20545 0 -1.68288 4.62655 0 0 0 0 
-4.69554 1.52722 0 -1.61734 4.69032 0 0 0 0 
-4.72502 1.82461 0 -1.55155 4.72201 0 0 0 0 
-4.81575 2.00733 0 -1.48355 4.81064 0 0 0 0 
-4.88968 2.3291 0 -1.42614 4.88476 0 0 0 0 
-4.97421 2.71524 0 -1.37616 4.9697 0 0 0 0 
-5.06368 3.09728 0 -1.32828 5.05952 0 0 0 0 
-5.1105 3.44686 0 -1.2743 5.10893 0 0 0 0 
-5.25392 3.89434 0 -1.24762 5.25043 0 0 0 0 
-5.20896 4.2414 0 -1.19354 5.22578 0 0 0 0 
-5.23519 4.71458 0 -1.15233 5.26562 0 0 0 0 
-5.21997 5.33103 0 -1.11611 5.27665 0 0 0 0 
-5.28049 5.71703 0 -1.07657 5.33961 0 0 0 0 
-5.31613 6.28844 0 -1.04662 5.39152 0 0 0 0 
-5.3684 7.04351 0 -1.02772 5.465 0 0 0 0 
-5.32973 7.74336 0 -1.00164 5.46397 0 0 0 0 
-5.45586 8.3472 0 -0.994811 5.59057 0 0 0 0 
-3.4802 3.5594 0 -1.25333 3.60108 0 0 0 0 
-4.79344 6.26277 0 -1.41643 4.9524 0 0 0 0 
-5.35494 8.19563 0 -1.3288 5.55726 0 0 0 0 
-5.63306 9.77425 0 -1.2364 5.8275 0 0 0 0 
-5.69505 11.0749 0 -1.16439 5.8905 0 0 0 0 
-5.71103 12.6546 0 -1.12469 5.8887 0 0 0 0 
-5.67132 13.6862 0 -1.12738 5.8644 0 0 0 0 
-5.65876 14.8941 0 -1.15222 5.85328 0 0 0 0 
-5.71486 16.8078 0 -1.19041 5.855 0 0 0 0 
-5.5962 17.4963 0 -1.21139 5.79171 0 0 0 0 
-5.80928 19.6735 0 -1.32635 6.00928 0 0 0 0 
-5.78537 21.7635 0 -1.33256 5.80813 0 0 0 0 
-5.93987 23.1215 0 -1.39906 6.1623 0 0 0 0 
-6.27306 25.7473 0 -1.53583 6.49796 0 0 0 0 
-6.29277 27.5712 0 -1.27373 6.60797 0 0 0 0 
-6.77291 30.5099 0 -1.32623 7.22281 0 0 0 0 
-6.08049 33.7565 0 -0.0318055 6.1963 0 0 0 0 
-5.96497 33.987 0 1.83182 6.17683 0 0 0 0 
-5.28764 32.7929 0 3.90246 5.49962 0 0 0 0 
-1.17418 35.3604 0 16.5024 -1.23728 0 0 0 0 
2.71463 33.1271 0 25.9329 -7.2818 0 0 0 0 
14.133 30.4748 0 62.7198 -16.1708 0 0 0 0 
24.0399 21.4274 0 90.921 -25.3029 0 0 0 0 
40.4542 -1.3776 0 136.507 -38.7412 0 0 0 0 
25.0436 -8.52561 0 122.145 -31.8011 0 0 0 0 
19.371 -7.58007 0 87.3884 -18.4689 0 0 0 0 
10.1207 -5.2073 0 55.3649 -9.78308 0 0 0 0 
6.69797 -2.47448 0 56.3762 -6.21159 0 0 0 0 
5.07215 -2.53943 0 44.2895 -4.00525 0 0 0 0 
1.18013 -1.76269 0 47.9546 -0.737802 0 0 0 0 
-2.86174 -1.83582 0 52.7059 2.98899 0 0 0 0 
-8.40989 -3.11613 0 61.6495 8.29416 0 0 0 0 
-18.8266 -7.4862 0 77.9111 18.043 0 0 0 0 
-36.9343 -17.2721 0 105.131 36.1978 0 0 0 0 
-67.8009 52.7638 0 99.7487 29.2873 0 0 0 0 
-39.6133 44.2478 0 101.307 28.5804 0 0 0 0 
