0.001
0.053 0.085 0
0.0529655 0.0849981 0 
0.0529309 0.0849962 0 
0.0528964 0.0849942 0 
0.0528506 0.0849913 0 
0.0528048 0.0849883 0 
0.052759 0.0849854 0 
0.052717 0.084982 0 
0.0526751 0.0849786 0 
0.0526332 0.0849752 0 
0.0526033 0.0849717 0 
0.0525734 0.0849682 0 
0.0525435 0.0849647 0 
0.0525296 0.0849613 0 
0.0525157 0.0849578 0 
0.0525018 0.0849544 0 
0.0525054 0.084951 0 
0.052509 0.0849477 0 
0.0525126 0.0849443 0 
0.0525337 0.084941 0 
0.0525549 0.0849376 0 
0.0525761 0.0849343 0 
0.0526142 0.0849308 0 
0.0526523 0.0849273 0 
0.0526904 0.0849239 0 
0.0527444 0.0849202 0 
0.0527984 0.0849164 0 
0.0528524 0.0849127 0 
0.0529212 0.0849085 0 
0.0529899 0.0849044 0 
0.0530586 0.0849002 0 
0.0531409 0.0848954 0 
0.0532231 0.0848906 0 
0.0533053 0.0848858 0 
0.0533998 0.0848802 0 
0.0534943 0.0848745 0 
0.0535889 0.0848689 0 
0.0536945 0.0848622 0 
0.0538001 0.0848555 0 
0.0539058 0.0848488 0 
0.0540214 0.0848409 0 
0.0541371 0.084833 0 
0.0542527 0.0848251 0 
0.0543773 0.0848157 0 
0.0545019 0.0848064 0 
0.0546266 0.084797 0 
0.0547592 0.0847861 0 
0.0548918 0.0847751 0 
0.0550244 0.0847641 0 
0.0551641 0.084751 0 
0.0553037 0.0847379 0 
0.0554433 0.0847248 0 
0.0555884 0.0847094 0 
0.0557335 0.084694 0 
0.0558786 0.0846787 0 
0.0560283 0.0846609 0 
0.0561779 0.0846431 0 
0.0563276 0.0846253 0 
0.0564809 0.084605 0 
0.0566342 0.0845847 0 
0.0567875 0.0845643 0 
0.0569436 0.0845413 0 
0.0570998 0.0845183 0 
0.0572559 0.0844953 0 
0.0574141 0.0844695 0 
0.0575723 0.0844437 0 
0.0577305 0.0844178 0 
0.05789 0.0843891 0 
0.0580495 0.0843604 0 
0.058209 0.0843317 0 
0.0583691 0.0843 0 
0.0585292 0.0842683 0 
0.0586893 0.0842366 0 
0.0588494 0.0842018 0 
0.0590094 0.084167 0 
0.0591694 0.0841323 0 
0.0593287 0.0840944 0 
0.059488 0.0840565 0 
0.0596473 0.0840185 0 
0.0598055 0.0839763 0 
0.0599637 0.0839341 0 
0.0601219 0.0838919 0 
0.060278 0.0838454 0 
0.0604341 0.0837989 0 
0.0605901 0.0837525 0 
0.0607424 0.083702 0 
0.0608948 0.0836516 0 
0.0610471 0.0836011 0 
0.0611951 0.0835467 0 
0.0613431 0.0834923 0 
0.0614911 0.0834379 0 
0.0616343 0.0833795 0 
0.0617774 0.0833212 0 
0.0619205 0.0832628 0 
0.0620582 0.0832006 0 
0.0621959 0.0831384 0 
0.0623336 0.0830761 0 
0.0624654 0.08301 0 
0.0625972 0.082944 0 
0.062729 0.0828779 0 
0.0628544 0.082808 0 
0.0629798 0.0827382 0 
0.0631052 0.0826683 0 
0.0632243 0.0825939 0 
0.0633433 0.0825194 0 
0.0634624 0.0824449 0 
0.0635748 0.0823656 0 
0.0636871 0.0822862 0 
0.0637995 0.0822068 0 
0.0639046 0.0821227 0 
0.0640097 0.0820385 0 
0.0641148 0.0819544 0 
0.0642123 0.0818655 0 
0.0643097 0.0817767 0 
0.0644071 0.0816878 0 
0.0644963 0.0815943 0 
0.0645856 0.0815009 0 
0.0646748 0.0814074 0 
0.0647555 0.0813095 0 
0.0648361 0.0812116 0 
0.0649167 0.0811136 0 
0.0649884 0.0810114 0 
0.06506 0.0809091 0 
0.0651316 0.0808069 0 
0.0651934 0.0807006 0 
0.0652552 0.0805943 0 
0.0653169 0.0804879 0 
0.0653683 0.0803778 0 
0.0654197 0.0802676 0 
0.065471 0.0801575 0 
0.0655124 0.080043 0 
0.0655538 0.0799286 0 
0.0655952 0.0798142 0 
0.0656282 0.0796961 0 
0.0656612 0.079578 0 
0.0656942 0.0794599 0 
0.0657198 0.079339 0 
0.0657455 0.079218 0 
0.0657711 0.0790971 0 
0.0657893 0.0789736 0 
0.0658074 0.07885 0 
0.0658256 0.0787265 0 
0.0658362 0.0786006 0 
0.0658468 0.0784746 0 
0.0658574 0.0783486 0 
0.0658604 0.0782205 0 
0.0658633 0.0780923 0 
0.0658663 0.0779642 0 
0.0658615 0.077834 0 
0.0658568 0.0777039 0 
0.065852 0.0775737 0 
0.0658395 0.0774418 0 
0.0658271 0.0773099 0 
0.0658146 0.0771779 0 
0.0657943 0.0770445 0 
0.0657741 0.076911 0 
0.0657538 0.0767776 0 
0.0657259 0.0766428 0 
0.0656979 0.076508 0 
0.0656699 0.0763732 0 
0.0656341 0.0762374 0 
0.0655984 0.0761015 0 
0.0655627 0.0759656 0 
0.0655192 0.0758289 0 
0.0654758 0.0756922 0 
0.0654324 0.0755555 0 
0.0653813 0.0754182 0 
0.0653302 0.0752809 0 
0.0652792 0.0751436 0 
0.0652209 0.0750058 0 
0.0651626 0.074868 0 
0.0651043 0.0747302 0 
0.0650406 0.0745929 0 
0.0649768 0.0744555 0 
0.0649131 0.0743182 0 
0.0648445 0.0741819 0 
0.0647759 0.0740457 0 
0.0647073 0.0739094 0 
0.0646337 0.0737744 0 
0.0645601 0.0736393 0 
0.0644864 0.0735042 0 
0.0644078 0.0733706 0 
0.0643292 0.0732369 0 
0.0642505 0.0731033 0 
0.0641669 0.0729712 0 
0.0640833 0.0728392 0 
0.0639998 0.0727071 0 
0.0639113 0.0725768 0 
0.0638228 0.0724465 0 
0.0637344 0.0723162 0 
0.0636411 0.0721879 0 
0.0635478 0.0720595 0 
0.0634545 0.0719312 0 
0.0633565 0.071805 0 
0.0632585 0.0716788 0 
0.0631605 0.0715526 0 
0.0630578 0.0714287 0 
0.0629552 0.0713049 0 
0.0628525 0.071181 0 
0.0627454 0.0710596 0 
0.0626382 0.0709382 0 
0.062531 0.0708169 0 
0.0624194 0.0706982 0 
0.0623077 0.0705795 0 
0.0621961 0.0704608 0 
0.0620802 0.070345 0 
0.0619643 0.0702291 0 
0.0618483 0.0701133 0 
0.0617282 0.0700005 0 
0.0616081 0.0698877 0 
0.061488 0.0697749 0 
0.0613648 0.0696656 0 
0.0612416 0.0695564 0 
0.0611185 0.0694471 0 
0.0609929 0.0693418 0 
0.0608673 0.0692364 0 
0.0607417 0.069131 0 
0.0606138 0.0690296 0 
0.0604859 0.0689282 0 
0.060358 0.0688268 0 
0.0602279 0.0687295 0 
0.0600978 0.0686321 0 
0.0599677 0.0685348 0 
0.0598355 0.0684416 0 
0.0597033 0.0683484 0 
0.0595711 0.0682552 0 
0.0594364 0.0681662 0 
0.0593018 0.0680771 0 
0.0591672 0.0679881 0 
0.0590303 0.0679033 0 
0.0588934 0.0678185 0 
0.0587565 0.0677337 0 
0.0586174 0.0676532 0 
0.0584783 0.0675728 0 
0.0583392 0.0674923 0 
0.058198 0.0674163 0 
0.0580569 0.0673402 0 
0.0579157 0.0672642 0 
0.0577726 0.0671927 0 
0.0576295 0.0671212 0 
0.0574864 0.0670496 0 
0.0573415 0.0669827 0 
0.0571966 0.0669158 0 
0.0570517 0.0668489 0 
0.0569051 0.0667866 0 
0.0567585 0.0667243 0 
0.0566119 0.0666621 0 
0.0564638 0.0666046 0 
0.0563156 0.066547 0 
0.0561675 0.0664895 0 
0.0560182 0.0664368 0 
0.0558688 0.066384 0 
0.0557195 0.0663313 0 
0.055569 0.0662834 0 
0.0554186 0.0662355 0 
0.0552682 0.0661876 0 
0.0551168 0.0661446 0 
0.0549655 0.0661015 0 
0.0548141 0.0660585 0 
0.0546619 0.0660204 0 
0.0545096 0.0659823 0 
0.0543574 0.0659442 0 
0.0542042 0.065911 0 
0.054051 0.0658778 0 
0.0538978 0.0658447 0 
0.0537438 0.0658165 0 
0.0535899 0.0657883 0 
0.0534359 0.0657601 0 
0.0532813 0.0657369 0 
0.0531267 0.0657137 0 
0.0529721 0.0656905 0 
0.052817 0.0656723 0 
0.0526619 0.0656542 0 
0.0525069 0.065636 0 
0.0523515 0.065623 0 
0.0521961 0.0656099 0 
0.0520406 0.0655968 0 
0.0518851 0.0655888 0 
0.0517295 0.0655808 0 
0.0515739 0.0655729 0 
0.0514183 0.06557 0 
0.0512627 0.0655671 0 
0.0511071 0.0655643 0 
0.0509517 0.0655665 0 
0.0507962 0.0655688 0 
0.0506408 0.065571 0 
0.0504856 0.0655784 0 
0.0503304 0.0655858 0 
0.0501753 0.0655932 0 
0.0500206 0.0656056 0 
0.0498659 0.0656181 0 
0.0497113 0.0656305 0 
0.0495572 0.0656479 0 
0.0494032 0.0656653 0 
0.0492492 0.0656827 0 
0.0490959 0.0657051 0 
0.0489426 0.0657275 0 
0.0487894 0.0657499 0 
0.0486371 0.0657772 0 
0.0484847 0.0658046 0 
0.0483324 0.0658319 0 
0.0481811 0.0658642 0 
0.0480299 0.0658964 0 
0.0478786 0.0659287 0 
0.0477286 0.0659658 0 
0.0475786 0.066003 0 
0.0474285 0.0660402 0 
0.0472799 0.0660822 0 
0.0471312 0.0661242 0 
0.0469826 0.0661662 0 
0.0468355 0.0662131 0 
0.0466883 0.0662599 0 
0.0465412 0.0663068 0 
0.0463958 0.0663584 0 
0.0462503 0.06641 0 
0.0461049 0.0664617 0 
0.0459611 0.066518 0 
0.0458172 0.0665743 0 
0.0456734 0.0666305 0 
0.0455312 0.0666914 0 
0.045389 0.0667523 0 
0.0452469 0.0668131 0 
0.0451064 0.0668785 0 
0.044966 0.0669438 0 
0.0448256 0.0670092 0 
0.0446872 0.067079 0 
0.0445488 0.0671488 0 
0.0444104 0.0672185 0 
0.0442743 0.0672926 0 
0.0441382 0.0673667 0 
0.0440021 0.0674408 0 
0.0438685 0.0675191 0 
0.0437348 0.0675974 0 
0.0436011 0.0676758 0 
0.04347 0.0677583 0 
0.0433389 0.0678407 0 
0.0432078 0.0679232 0 
0.0430794 0.0680098 0 
0.0429509 0.0680964 0 
0.0428225 0.068183 0 
0.0426964 0.0682735 0 
0.0425703 0.0683641 0 
0.0424443 0.0684547 0 
0.0423204 0.0685491 0 
0.0421964 0.0686436 0 
0.0420725 0.0687381 0 
0.0419509 0.0688365 0 
0.0418292 0.0689348 0 
0.0417075 0.0690331 0 
0.0415883 0.0691352 0 
0.041469 0.0692374 0 
0.0413497 0.0693395 0 
0.0412328 0.0694453 0 
0.041116 0.0695511 0 
0.0409992 0.0696569 0 
0.0408849 0.0697664 0 
0.0407707 0.0698759 0 
0.0406564 0.0699853 0 
0.0405448 0.0700983 0 
0.0404332 0.0702113 0 
0.0403216 0.0703243 0 
0.0402151 0.0704405 0 
0.0401085 0.0705567 0 
0.040002 0.0706729 0 
0.0398998 0.0707916 0 
0.0397976 0.0709103 0 
0.0396954 0.071029 0 
0.0395981 0.0711503 0 
0.0395008 0.0712715 0 
0.0394035 0.0713927 0 
0.0393112 0.0715163 0 
0.0392189 0.0716399 0 
0.0391266 0.0717635 0 
0.0390394 0.0718893 0 
0.0389522 0.0720151 0 
0.038865 0.0721409 0 
0.038783 0.0722687 0 
0.038701 0.0723965 0 
0.038619 0.0725243 0 
0.0385423 0.072654 0 
0.0384656 0.0727837 0 
0.0383889 0.0729133 0 
0.0383177 0.0730447 0 
0.0382464 0.0731761 0 
0.0381751 0.0733075 0 
0.0381091 0.0734404 0 
0.038043 0.0735732 0 
0.037977 0.0737061 0 
0.0379153 0.0738402 0 
0.0378535 0.0739743 0 
0.0377918 0.0741084 0 
0.0377345 0.0742435 0 
0.0376772 0.0743787 0 
0.0376198 0.0745139 0 
0.037567 0.07465 0 
0.0375142 0.0747861 0 
0.0374613 0.0749222 0 
0.0374131 0.0750591 0 
0.0373648 0.075196 0 
0.0373165 0.075333 0 
0.037276 0.07547 0 
0.0372355 0.0756071 0 
0.037195 0.0757441 0 
0.0371631 0.075881 0 
0.0371312 0.0760178 0 
0.0370993 0.0761546 0 
0.037076 0.076291 0 
0.0370527 0.0764274 0 
0.0370294 0.0765637 0 
0.0370148 0.0766994 0 
0.0370003 0.076835 0 
0.0369857 0.0769707 0 
0.0369798 0.0771054 0 
0.036974 0.0772401 0 
0.0369681 0.0773747 0 
0.0369701 0.0775078 0 
0.036972 0.0776409 0 
0.036974 0.0777739 0 
0.0369838 0.0779052 0 
0.0369936 0.0780364 0 
0.0370034 0.0781677 0 
0.037021 0.0782969 0 
0.0370387 0.0784262 0 
0.0370563 0.0785554 0 
0.0370818 0.0786825 0 
0.0371073 0.0788096 0 
0.0371328 0.0789366 0 
0.0371661 0.0790613 0 
0.0371994 0.0791861 0 
0.0372327 0.0793108 0 
0.0372739 0.079433 0 
0.037315 0.0795551 0 
0.0373562 0.0796773 0 
0.0374051 0.0797968 0 
0.0374541 0.0799163 0 
0.037503 0.0800358 0 
0.0375601 0.0801524 0 
0.0376172 0.080269 0 
0.0376743 0.0803856 0 
0.0377431 0.0804988 0 
0.0378119 0.0806121 0 
0.0378807 0.0807254 0 
0.0379611 0.0808351 0 
0.0380414 0.0809449 0 
0.0381218 0.0810546 0 
0.0382136 0.0811605 0 
0.0383054 0.0812664 0 
0.0383972 0.0813723 0 
0.0385002 0.0814742 0 
0.0386032 0.0815761 0 
0.0387062 0.0816779 0 
0.0388203 0.0817755 0 
0.0389344 0.0818731 0 
0.0390484 0.0819707 0 
0.0391733 0.0820638 0 
0.0392982 0.0821569 0 
0.0394231 0.08225 0 
0.0395585 0.0823383 0 
0.0396939 0.0824267 0 
0.0398294 0.0825151 0 
0.0399751 0.0825986 0 
0.0401208 0.082682 0 
0.0402665 0.0827655 0 
0.040422 0.0828445 0 
0.0405776 0.0829236 0 
0.0407331 0.0830027 0 
0.0408981 0.0830777 0 
0.041063 0.0831527 0 
0.041228 0.0832277 0 
0.0414021 0.0832985 0 
0.0415763 0.0833693 0 
0.0417504 0.0834402 0 
0.0419335 0.0835068 0 
0.0421166 0.0835733 0 
0.0422996 0.0836399 0 
0.0424913 0.0837021 0 
0.042683 0.0837643 0 
0.0428747 0.0838265 0 
0.0430748 0.0838843 0 
0.0432748 0.083942 0 
0.0434749 0.0839998 0 
0.043683 0.084053 0 
0.0438911 0.0841062 0 
0.0440992 0.0841594 0 
0.044315 0.084208 0 
0.0445309 0.0842567 0 
0.0447467 0.0843053 0 
0.0449695 0.0843482 0 
0.0451923 0.0843912 0 
0.0454152 0.0844342 0 
0.0456438 0.0844723 0 
0.0458725 0.0845105 0 
0.0461012 0.0845486 0 
0.046335 0.0845825 0 
0.0465687 0.0846164 0 
0.0468025 0.0846503 0 
0.047041 0.0846799 0 
0.0472795 0.0847094 0 
0.0475179 0.084739 0 
0.0477607 0.0847642 0 
0.0480036 0.0847895 0 
0.0482464 0.0848147 0 
0.0484931 0.0848356 0 
0.0487399 0.0848564 0 
0.0489866 0.0848773 0 
0.0492369 0.0848937 0 
0.0494872 0.0849102 0 
0.0497375 0.0849266 0 
0.049991 0.0849386 0 
0.0502444 0.0849506 0 
0.0504978 0.0849626 0 
0.0507528 0.0849701 0 
0.0510077 0.0849776 0 
0.0512627 0.0849851 0 
0.0515181 0.0849881 0 
0.0517734 0.0849912 0 
0.0520288 0.0849943 0 
0.0522843 0.0849929 0 
0.0525397 0.0849916 0 
0.0527951 0.0849903 0 
0.0530501 0.0849846 0 
0.0533051 0.0849789 0 
0.0535601 0.0849732 0 
0.0538143 0.0849631 0 
0.0540684 0.084953 0 
0.0543226 0.0849429 0 
0.0545755 0.0849285 0 
0.0548284 0.0849141 0 
0.0550814 0.0848996 0 
0.0553324 0.0848806 0 
0.0555834 0.0848616 0 
0.0558344 0.0848426 0 
0.0560814 0.0848188 0 
0.0563284 0.084795 0 
0.0565753 0.0847713 0 
0.0568179 0.0847428 0 
0.0570604 0.0847144 0 
0.0573029 0.0846859 0 
0.0575405 0.0846528 0 
0.0577781 0.0846197 0 
0.0580157 0.0845866 0 
0.058248 0.0845489 0 
0.0584803 0.0845113 0 
0.0587126 0.0844736 0 
0.0589392 0.0844315 0 
0.0591658 0.0843893 0 
0.0593925 0.0843471 0 
0.059613 0.0843005 0 
0.0598335 0.0842538 0 
0.0600541 0.0842071 0 
0.0602683 0.0841542 0 
0.0604825 0.0841014 0 
0.0606967 0.0840485 0 
0.0609022 0.0839904 0 
0.0611077 0.0839324 0 
0.0613132 0.0838743 0 
0.0615097 0.0838111 0 
0.0617062 0.083748 0 
0.0619027 0.0836848 0 
0.0620898 0.0836167 0 
0.062277 0.0835485 0 
0.0624641 0.0834804 0 
0.0626415 0.0834075 0 
0.062819 0.0833345 0 
0.0629964 0.0832616 0 
0.0631638 0.083184 0 
0.0633313 0.0831064 0 
0.0634987 0.0830287 0 
0.0636563 0.0829455 0 
0.063814 0.0828622 0 
0.0639716 0.082779 0 
0.0641193 0.0826896 0 
0.064267 0.0826002 0 
0.0644147 0.0825109 0 
0.064552 0.0824156 0 
0.0646894 0.0823203 0 
0.0648267 0.082225 0 
0.0649532 0.0821239 0 
0.0650798 0.0820229 0 
0.0652063 0.0819218 0 
0.065321 0.0818154 0 
0.0654356 0.0817089 0 
0.0655502 0.0816025 0 
0.065652 0.0814911 0 
0.0657538 0.0813796 0 
0.0658557 0.0812682 0 
0.0659445 0.081152 0 
0.0660334 0.0810358 0 
0.0661223 0.0809196 0 
0.0661985 0.0807984 0 
0.0662748 0.0806772 0 
0.066351 0.0805561 0 
0.0664151 0.0804294 0 
0.0664793 0.0803026 0 
0.0665435 0.0801759 0 
0.0665953 0.0800439 0 
0.0666472 0.0799119 0 
0.066699 0.0797798 0 
0.06674 0.0796436 0 
0.066781 0.0795075 0 
0.0668219 0.0793713 0 
0.0668532 0.079232 0 
0.0668846 0.0790926 0 
0.0669159 0.0789533 0 
0.0669375 0.0788111 0 
0.0669592 0.0786689 0 
0.0669808 0.0785267 0 
0.0669928 0.0783819 0 
0.0670048 0.0782371 0 
0.0670167 0.0780922 0 
0.067019 0.0779451 0 
0.0670214 0.077798 0 
0.0670237 0.0776508 0 
0.0670164 0.0775016 0 
0.067009 0.0773524 0 
0.0670017 0.0772032 0 
0.0669848 0.0770522 0 
0.0669679 0.0769013 0 
0.066951 0.0767503 0 
0.0669251 0.0765977 0 
0.0668993 0.076445 0 
0.0668734 0.0762924 0 
0.066839 0.0761382 0 
0.0668046 0.075984 0 
0.0667702 0.0758298 0 
0.0667274 0.0756744 0 
0.0666845 0.0755189 0 
0.0666417 0.0753635 0 
0.0665904 0.075207 0 
0.0665391 0.0750505 0 
0.0664878 0.074894 0 
0.0664286 0.0747372 0 
0.0663695 0.0745803 0 
0.0663103 0.0744234 0 
0.0662452 0.0742675 0 
0.0661801 0.0741115 0 
0.066115 0.0739556 0 
0.066044 0.0738008 0 
0.0659731 0.0736461 0 
0.0659022 0.0734913 0 
0.0658255 0.0733379 0 
0.0657488 0.0731845 0 
0.0656722 0.0730311 0 
0.0655899 0.0728792 0 
0.0655077 0.0727274 0 
0.0654254 0.0725756 0 
0.0653377 0.0724255 0 
0.0652499 0.0722755 0 
0.0651622 0.0721254 0 
0.0650692 0.0719774 0 
0.0649761 0.0718293 0 
0.064883 0.0716812 0 
0.0647845 0.0715353 0 
0.064686 0.0713894 0 
0.0645875 0.0712435 0 
0.0644832 0.0711 0 
0.064379 0.0709564 0 
0.0642747 0.0708129 0 
0.0641649 0.0706719 0 
0.064055 0.0705309 0 
0.0639451 0.0703899 0 
0.0638298 0.0702517 0 
0.0637145 0.0701135 0 
0.0635991 0.0699753 0 
0.0634786 0.0698401 0 
0.063358 0.0697049 0 
0.0632375 0.0695697 0 
0.0631135 0.0694384 0 
0.0629896 0.0693071 0 
0.0628656 0.0691757 0 
0.0627385 0.0690484 0 
0.0626113 0.0689211 0 
0.0624841 0.0687937 0 
0.0623538 0.0686705 0 
0.0622235 0.0685473 0 
0.0620931 0.068424 0 
0.0619598 0.068305 0 
0.0618265 0.068186 0 
0.0616932 0.068067 0 
0.0615571 0.0679523 0 
0.0614209 0.0678376 0 
0.0612847 0.0677229 0 
0.0611459 0.0676127 0 
0.061007 0.0675024 0 
0.0608681 0.0673922 0 
0.0607266 0.0672865 0 
0.0605851 0.0671808 0 
0.0604437 0.0670751 0 
0.0602998 0.066974 0 
0.0601558 0.0668729 0 
0.0600119 0.0667718 0 
0.0598657 0.0666755 0 
0.0597195 0.0665792 0 
0.0595733 0.0664828 0 
0.0594245 0.0663912 0 
0.0592756 0.0662996 0 
0.0591268 0.066208 0 
0.0589754 0.0661212 0 
0.0588241 0.0660345 0 
0.0586727 0.0659477 0 
0.058519 0.0658659 0 
0.0583653 0.065784 0 
0.0582116 0.0657022 0 
0.0580557 0.0656254 0 
0.0578998 0.0655486 0 
0.0577438 0.0654717 0 
0.0575859 0.0654 0 
0.0574279 0.0653283 0 
0.0572699 0.0652566 0 
0.0571099 0.0651901 0 
0.05695 0.0651236 0 
0.0567901 0.065057 0 
0.0566284 0.0649958 0 
0.0564667 0.0649345 0 
0.056305 0.0648732 0 
0.0561422 0.0648174 0 
0.0559794 0.0647615 0 
0.0558166 0.0647056 0 
0.055653 0.0646552 0 
0.0554893 0.0646048 0 
0.0553257 0.0645544 0 
0.0551614 0.0645095 0 
0.0549971 0.0644646 0 
0.0548328 0.0644196 0 
0.0546678 0.0643802 0 
0.0545028 0.0643407 0 
0.0543379 0.0643012 0 
0.0541724 0.064267 0 
0.0540069 0.0642328 0 
0.0538414 0.0641986 0 
0.0536755 0.0641699 0 
0.0535095 0.0641411 0 
0.0533436 0.0641123 0 
0.0531774 0.064089 0 
0.0530112 0.0640658 0 
0.052845 0.0640425 0 
0.0526785 0.0640247 0 
0.0525121 0.0640069 0 
0.0523456 0.0639891 0 
0.0521791 0.0639767 0 
0.0520125 0.0639644 0 
0.051846 0.0639521 0 
0.0516794 0.0639453 0 
0.0515128 0.0639386 0 
0.0513462 0.0639318 0 
0.0511797 0.0639305 0 
0.0510132 0.0639292 0 
0.0508467 0.0639279 0 
0.0506804 0.0639322 0 
0.050514 0.0639365 0 
0.0503477 0.0639407 0 
0.0501816 0.0639505 0 
0.0500155 0.0639603 0 
0.0498494 0.0639701 0 
0.0496838 0.0639853 0 
0.0495181 0.0640005 0 
0.0493525 0.0640157 0 
0.0491874 0.0640361 0 
0.0490224 0.0640565 0 
0.0488574 0.064077 0 
0.048693 0.0641026 0 
0.0485287 0.0641283 0 
0.0483643 0.064154 0 
0.0482005 0.064185 0 
0.0480368 0.0642161 0 
0.047873 0.0642472 0 
0.04771 0.0642836 0 
0.0475469 0.06432 0 
0.0473839 0.0643564 0 
0.0472216 0.0643982 0 
0.0470594 0.0644399 0 
0.0468971 0.0644817 0 
0.0467357 0.0645288 0 
0.0465743 0.0645759 0 
0.0464129 0.0646231 0 
0.0462525 0.0646755 0 
0.0460921 0.0647279 0 
0.0459317 0.0647804 0 
0.0457723 0.0648381 0 
0.0456129 0.0648959 0 
0.0454535 0.0649536 0 
0.0452953 0.0650167 0 
0.045137 0.0650797 0 
0.0449788 0.0651427 0 
0.0448224 0.0652109 0 
0.044666 0.0652791 0 
0.0445096 0.0653473 0 
0.0443555 0.0654203 0 
0.0442014 0.0654934 0 
0.0440472 0.0655665 0 
0.0438955 0.0656443 0 
0.0437438 0.0657222 0 
0.0435921 0.0658 0 
0.0434429 0.0658826 0 
0.0432937 0.0659652 0 
0.0431445 0.0660478 0 
0.042998 0.066135 0 
0.0428515 0.0662222 0 
0.042705 0.0663094 0 
0.0425613 0.0664012 0 
0.0424176 0.066493 0 
0.042274 0.0665848 0 
0.0421332 0.0666811 0 
0.0419925 0.0667774 0 
0.0418517 0.0668736 0 
0.041714 0.0669743 0 
0.0415763 0.067075 0 
0.0414386 0.0671756 0 
0.0413033 0.0672806 0 
0.041168 0.0673855 0 
0.0410327 0.0674904 0 
0.0408999 0.0675996 0 
0.040767 0.0677087 0 
0.0406342 0.0678178 0 
0.040504 0.0679311 0 
0.0403738 0.0680444 0 
0.0402436 0.0681576 0 
0.0401161 0.0682749 0 
0.0399886 0.0683922 0 
0.0398611 0.0685095 0 
0.0397366 0.0686307 0 
0.0396122 0.0687519 0 
0.0394877 0.0688731 0 
0.0393668 0.0689979 0 
0.0392458 0.0691227 0 
0.0391248 0.0692475 0 
0.0390073 0.0693759 0 
0.0388897 0.0695043 0 
0.0387721 0.0696327 0 
0.0386569 0.0697648 0 
0.0385418 0.0698968 0 
0.0384266 0.0700289 0 
0.0383142 0.0701645 0 
0.0382017 0.0703001 0 
0.0380893 0.0704357 0 
0.0379824 0.070574 0 
0.0378755 0.0707123 0 
0.0377687 0.0708507 0 
0.0376675 0.0709915 0 
0.0375663 0.0711324 0 
0.0374651 0.0712733 0 
0.0373697 0.0714166 0 
0.0372744 0.0715599 0 
0.037179 0.0717031 0 
0.0370896 0.0718486 0 
0.0370002 0.071994 0 
0.0369107 0.0721395 0 
0.0368269 0.0722869 0 
0.036743 0.0724343 0 
0.0366591 0.0725817 0 
0.03658 0.0727307 0 
0.0365008 0.0728798 0 
0.0364216 0.0730288 0 
0.0363472 0.0731794 0 
0.0362728 0.0733299 0 
0.0361985 0.0734804 0 
0.036129 0.0736323 0 
0.0360595 0.0737843 0 
0.03599 0.0739362 0 
0.0359255 0.0740893 0 
0.035861 0.0742424 0 
0.0357965 0.0743955 0 
0.0357371 0.0745496 0 
0.0356777 0.0747038 0 
0.0356182 0.0748579 0 
0.035564 0.075013 0 
0.0355097 0.0751681 0 
0.0354554 0.0753231 0 
0.0354094 0.0754784 0 
0.0353634 0.0756337 0 
0.0353175 0.075789 0 
0.0352801 0.0759435 0 
0.0352428 0.0760981 0 
0.0352055 0.0762526 0 
0.0351767 0.0764061 0 
0.0351479 0.0765595 0 
0.035119 0.076713 0 
0.0350987 0.0768652 0 
0.0350784 0.0770174 0 
0.0350582 0.0771695 0 
0.0350465 0.0773202 0 
0.0350348 0.0774709 0 
0.0350231 0.0776216 0 
0.03502 0.0777705 0 
0.035017 0.0779195 0 
0.0350139 0.0780685 0 
0.0350196 0.0782156 0 
0.0350252 0.0783627 0 
0.0350308 0.0785097 0 
0.0350452 0.0786547 0 
0.0350595 0.0787997 0 
0.0350738 0.0789446 0 
0.0350969 0.0790873 0 
0.0351199 0.07923 0 
0.0351429 0.0793726 0 
0.0351747 0.0795128 0 
0.0352064 0.079653 0 
0.0352382 0.0797931 0 
0.0352786 0.0799306 0 
0.0353191 0.0800681 0 
0.0353595 0.0802055 0 
0.035411 0.08034 0 
0.0354624 0.0804744 0 
0.0355139 0.0806088 0 
0.0355784 0.0807396 0 
0.035643 0.0808704 0 
0.0357076 0.0810012 0 
0.0357849 0.0811279 0 
0.0358623 0.0812546 0 
0.0359396 0.0813813 0 
0.0360296 0.0815037 0 
0.0361197 0.0816262 0 
0.0362097 0.0817486 0 
0.0363123 0.0818666 0 
0.036415 0.0819845 0 
0.0365176 0.0821025 0 
0.0366326 0.0822159 0 
0.0367477 0.0823292 0 
0.0368628 0.0824426 0 
0.0369901 0.0825512 0 
0.0371175 0.0826598 0 
0.0372448 0.0827684 0 
0.0373843 0.0828721 0 
0.0375238 0.0829758 0 
0.0376633 0.0830794 0 
0.0378147 0.0831781 0 
0.0379661 0.0832767 0 
0.0381176 0.0833753 0 
0.0382807 0.0834688 0 
0.0384439 0.0835622 0 
0.0386071 0.0836557 0 
0.0387818 0.0837438 0 
0.0389565 0.0838319 0 
0.0391312 0.08392 0 
0.0393169 0.0840023 0 
0.0395026 0.0840846 0 
0.0396882 0.0841668 0 
0.0398844 0.084243 0 
0.0400805 0.0843191 0 
0.0402766 0.0843952 0 
0.0404827 0.0844658 0 
0.0406887 0.0845363 0 
0.0408948 0.0846069 0 
0.0411102 0.0846726 0 
0.0413255 0.0847383 0 
0.0415409 0.084804 0 
0.0417653 0.0848648 0 
0.0419896 0.0849256 0 
0.042214 0.0849864 0 
0.042447 0.0850421 0 
0.04268 0.0850979 0 
0.042913 0.0851536 0 
0.043156 0.0852045 0 
0.043399 0.0852554 0 
0.0436419 0.0853063 0 
0.0438945 0.0853522 0 
0.0441471 0.0853982 0 
0.0443997 0.0854441 0 
0.0446615 0.085485 0 
0.0449232 0.0855259 0 
0.045185 0.0855667 0 
0.0454549 0.085603 0 
0.0457248 0.0856392 0 
0.0459948 0.0856754 0 
0.0462709 0.0857079 0 
0.046547 0.0857404 0 
0.0468232 0.0857728 0 
0.0471051 0.0858005 0 
0.047387 0.0858281 0 
0.0476689 0.0858558 0 
0.0479561 0.0858786 0 
0.0482432 0.0859013 0 
0.0485304 0.0859241 0 
0.0488221 0.0859419 0 
0.0491139 0.0859597 0 
0.0494057 0.0859774 0 
0.0497015 0.0859902 0 
0.0499974 0.0860029 0 
0.0502932 0.0860157 0 
0.0505918 0.0860241 0 
0.0508904 0.0860325 0 
0.051189 0.0860409 0 
0.0514883 0.0860461 0 
0.0517877 0.0860513 0 
0.0520871 0.0860565 0 
0.0523867 0.0860566 0 
0.0526864 0.0860566 0 
0.0529861 0.0860567 0 
0.0532855 0.0860516 0 
0.0535848 0.0860466 0 
0.0538842 0.0860415 0 
0.0541826 0.0860313 0 
0.054481 0.086021 0 
0.0547794 0.0860108 0 
0.0550762 0.0859954 0 
0.055373 0.0859799 0 
0.0556698 0.0859645 0 
0.0559628 0.0859455 0 
0.0562557 0.0859264 0 
0.0565487 0.0859074 0 
0.0568367 0.0858834 0 
0.0571247 0.0858595 0 
0.0574128 0.0858356 0 
0.0576953 0.085806 0 
0.0579778 0.0857765 0 
0.0582604 0.0857469 0 
0.0585367 0.0857117 0 
0.0588131 0.0856765 0 
0.0590894 0.0856413 0 
0.0593589 0.0856005 0 
0.0596285 0.0855597 0 
0.059898 0.0855189 0 
0.06016 0.0854725 0 
0.0604221 0.0854262 0 
0.0606841 0.0853799 0 
0.0609363 0.0853286 0 
0.0611884 0.0852773 0 
0.0614406 0.085226 0 
0.0616821 0.0851682 0 
0.0619236 0.0851103 0 
0.0621651 0.0850525 0 
0.0623953 0.0849883 0 
0.0626255 0.084924 0 
0.0628557 0.0848598 0 
0.0630753 0.0847897 0 
0.0632949 0.0847196 0 
0.0635146 0.0846494 0 
0.0637238 0.0845738 0 
0.063933 0.0844981 0 
0.0641422 0.0844225 0 
0.0643406 0.0843414 0 
0.0645391 0.0842604 0 
0.0647375 0.0841794 0 
0.0649254 0.0840918 0 
0.0651132 0.0840042 0 
0.0653011 0.0839166 0 
0.0654771 0.0838223 0 
0.065653 0.0837279 0 
0.065829 0.0836335 0 
0.0659918 0.0835328 0 
0.0661547 0.0834321 0 
0.0663175 0.0833314 0 
0.0664668 0.0832246 0 
0.0666162 0.0831178 0 
0.0667655 0.0830109 0 
0.0669012 0.0828982 0 
0.0670369 0.0827855 0 
0.0671725 0.0826727 0 
0.0672943 0.0825543 0 
0.067416 0.0824359 0 
0.0675378 0.0823175 0 
0.0676459 0.0821932 0 
0.067754 0.0820689 0 
0.0678621 0.0819446 0 
0.0679573 0.0818137 0 
0.0680525 0.0816828 0 
0.0681477 0.0815518 0 
0.0682296 0.0814145 0 
0.0683115 0.0812771 0 
0.0683934 0.0811398 0 
0.0684618 0.0809963 0 
0.0685301 0.0808528 0 
0.0685984 0.0807093 0 
0.0686529 0.0805599 0 
0.0687074 0.0804105 0 
0.0687619 0.0802611 0 
0.0688022 0.0801062 0 
0.0688426 0.0799512 0 
0.068883 0.0797963 0 
0.0689105 0.0796369 0 
0.0689381 0.0794775 0 
0.0689657 0.0793181 0 
0.0689823 0.0791556 0 
0.068999 0.0789932 0 
0.0690156 0.0788308 0 
0.0690219 0.0786655 0 
0.0690281 0.0785002 0 
0.0690343 0.0783349 0 
0.069031 0.0781667 0 
0.0690276 0.0779986 0 
0.0690243 0.0778304 0 
0.0690114 0.0776597 0 
0.0689984 0.077489 0 
0.0689854 0.0773182 0 
0.0689628 0.0771452 0 
0.0689402 0.0769722 0 
0.0689176 0.0767992 0 
0.0688853 0.0766242 0 
0.068853 0.0764492 0 
0.0688206 0.0762742 0 
0.0687786 0.0760975 0 
0.0687366 0.0759208 0 
0.0686946 0.0757441 0 
0.068643 0.0755661 0 
0.0685913 0.075388 0 
0.0685396 0.07521 0 
0.0684783 0.0750308 0 
0.068417 0.0748517 0 
0.0683556 0.0746726 0 
0.0682864 0.0744937 0 
0.0682171 0.0743148 0 
0.0681479 0.0741359 0 
0.0680718 0.0739582 0 
0.0679958 0.0737805 0 
0.0679198 0.0736027 0 
0.0678372 0.0734264 0 
0.0677545 0.07325 0 
0.0676719 0.0730737 0 
0.0675828 0.0728989 0 
0.0674936 0.0727242 0 
0.0674045 0.0725494 0 
0.067309 0.0723766 0 
0.0672135 0.0722037 0 
0.067118 0.0720308 0 
0.0670165 0.07186 0 
0.0669151 0.0716893 0 
0.0668136 0.0715185 0 
0.0667065 0.0713501 0 
0.0665995 0.0711816 0 
0.0664925 0.0710132 0 
0.0663801 0.0708473 0 
0.0662676 0.0706814 0 
0.0661552 0.0705156 0 
0.0660374 0.0703524 0 
0.0659196 0.0701893 0 
0.0658018 0.0700262 0 
0.0656788 0.069866 0 
0.0655559 0.0697058 0 
0.0654329 0.0695456 0 
0.0653064 0.0693894 0 
0.0651799 0.0692332 0 
0.0650533 0.0690769 0 
0.0649235 0.0689249 0 
0.0647936 0.0687728 0 
0.0646638 0.0686207 0 
0.0645303 0.0684728 0 
0.0643968 0.0683248 0 
0.0642633 0.0681769 0 
0.0641262 0.0680333 0 
0.063989 0.0678897 0 
0.0638519 0.0677461 0 
0.0637112 0.0676069 0 
0.0635706 0.0674676 0 
0.0634299 0.0673284 0 
0.0632859 0.0671938 0 
0.0631418 0.0670591 0 
0.0629977 0.0669245 0 
0.0628504 0.0667945 0 
0.062703 0.0666645 0 
0.0625556 0.0665345 0 
0.062405 0.0664092 0 
0.0622545 0.066284 0 
0.0621039 0.0661588 0 
0.0619503 0.0660384 0 
0.0617966 0.0659181 0 
0.061643 0.0657978 0 
0.0614864 0.0656824 0 
0.0613298 0.0655671 0 
0.0611732 0.0654518 0 
0.0610138 0.0653415 0 
0.0608543 0.0652313 0 
0.0606949 0.065121 0 
0.0605328 0.065016 0 
0.0603706 0.064911 0 
0.0602085 0.0648059 0 
0.0600444 0.0647063 0 
0.0598803 0.0646067 0 
0.0597162 0.0645071 0 
0.0595504 0.064413 0 
0.0593847 0.0643189 0 
0.059219 0.0642248 0 
0.0590517 0.0641361 0 
0.0588844 0.0640475 0 
0.0587171 0.0639588 0 
0.0585485 0.0638757 0 
0.0583798 0.0637927 0 
0.0582112 0.0637096 0 
0.0580413 0.0636322 0 
0.0578714 0.0635548 0 
0.0577015 0.0634773 0 
0.0575304 0.0634056 0 
0.0573593 0.0633339 0 
0.0571882 0.0632622 0 
0.0570161 0.0631962 0 
0.056844 0.0631302 0 
0.0566718 0.0630642 0 
0.0564987 0.063004 0 
0.0563256 0.0629438 0 
0.0561525 0.0628836 0 
0.0559786 0.0628292 0 
0.0558046 0.0627748 0 
0.0556306 0.0627204 0 
0.0554559 0.0626719 0 
0.0552812 0.0626233 0 
0.0551064 0.0625748 0 
0.054931 0.0625321 0 
0.0547556 0.0624894 0 
0.0545802 0.0624467 0 
0.0544042 0.0624097 0 
0.0542282 0.0623727 0 
0.0540522 0.0623357 0 
0.0538757 0.0623043 0 
0.0536992 0.0622729 0 
0.0535227 0.0622416 0 
0.0533458 0.0622159 0 
0.0531689 0.0621902 0 
0.052992 0.0621645 0 
0.0528147 0.0621445 0 
0.0526375 0.0621244 0 
0.0524603 0.0621044 0 
0.0522829 0.0620901 0 
0.0521054 0.0620757 0 
0.051928 0.0620614 0 
0.0517504 0.0620528 0 
0.0515729 0.0620442 0 
0.0513954 0.0620356 0 
0.0512179 0.0620329 0 
0.0510404 0.0620302 0 
0.0508629 0.0620275 0 
0.0506856 0.0620307 0 
0.0505083 0.0620339 0 
0.0503309 0.0620371 0 
0.0501539 0.0620462 0 
0.0499768 0.0620552 0 
0.0497997 0.0620643 0 
0.0496231 0.0620792 0 
0.0494464 0.062094 0 
0.0492698 0.0621088 0 
0.0490938 0.0621292 0 
0.0489179 0.0621496 0 
0.0487419 0.06217 0 
0.0485667 0.0621959 0 
0.0483914 0.0622218 0 
0.0482162 0.0622477 0 
0.0480418 0.0622792 0 
0.0478675 0.0623106 0 
0.0476931 0.062342 0 
0.0475197 0.062379 0 
0.0473462 0.0624159 0 
0.0471728 0.0624528 0 
0.0470003 0.0624953 0 
0.0468278 0.0625378 0 
0.0466553 0.0625803 0 
0.0464837 0.0626285 0 
0.0463121 0.0626767 0 
0.0461405 0.0627249 0 
0.0459699 0.0627787 0 
0.0457993 0.0628325 0 
0.0456287 0.0628864 0 
0.0454592 0.0629458 0 
0.0452897 0.0630053 0 
0.0451202 0.0630648 0 
0.0449518 0.0631299 0 
0.0447835 0.063195 0 
0.0446151 0.0632601 0 
0.0444484 0.0633304 0 
0.0442816 0.0634008 0 
0.0441149 0.0634711 0 
0.04395 0.0635466 0 
0.043785 0.0636221 0 
0.0436201 0.0636975 0 
0.043457 0.0637781 0 
0.0432939 0.0638587 0 
0.0431308 0.0639392 0 
0.0429691 0.0640251 0 
0.0428073 0.0641111 0 
0.0426456 0.064197 0 
0.0424852 0.0642883 0 
0.0423249 0.0643796 0 
0.0421646 0.0644708 0 
0.0420058 0.0645674 0 
0.041847 0.064664 0 
0.0416882 0.0647606 0 
0.041531 0.0648625 0 
0.0413737 0.0649644 0 
0.0412165 0.0650662 0 
0.0410613 0.0651733 0 
0.040906 0.0652804 0 
0.0407508 0.0653874 0 
0.040599 0.0654993 0 
0.0404472 0.0656112 0 
0.0402953 0.0657232 0 
0.0401466 0.0658398 0 
0.0399978 0.0659564 0 
0.0398491 0.066073 0 
0.0397033 0.0661942 0 
0.0395576 0.0663154 0 
0.0394118 0.0664365 0 
0.0392696 0.0665619 0 
0.0391274 0.0666873 0 
0.0389852 0.0668128 0 
0.0388466 0.0669423 0 
0.038708 0.0670719 0 
0.0385695 0.0672014 0 
0.0384347 0.0673351 0 
0.0382998 0.0674687 0 
0.038165 0.0676023 0 
0.0380341 0.0677398 0 
0.0379031 0.0678774 0 
0.0377721 0.0680149 0 
0.0376447 0.0681564 0 
0.0375172 0.0682978 0 
0.0373898 0.0684393 0 
0.0372651 0.0685847 0 
0.0371403 0.0687301 0 
0.0370155 0.0688756 0 
0.0368935 0.0690249 0 
0.0367716 0.0691742 0 
0.0366496 0.0693235 0 
0.0365304 0.0694767 0 
0.0364113 0.0696298 0 
0.0362922 0.069783 0 
0.036176 0.0699398 0 
0.0360598 0.0700967 0 
0.0359437 0.0702536 0 
0.0358324 0.0704136 0 
0.0357211 0.0705737 0 
0.0356098 0.0707337 0 
0.0355048 0.0708963 0 
0.0353999 0.0710589 0 
0.035295 0.0712215 0 
0.0351951 0.0713863 0 
0.0350952 0.0715511 0 
0.0349954 0.0717159 0 
0.0349007 0.0718827 0 
0.0348061 0.0720495 0 
0.0347114 0.0722163 0 
0.0346227 0.0723848 0 
0.034534 0.0725534 0 
0.0344453 0.0727219 0 
0.0343627 0.0728921 0 
0.0342801 0.0730622 0 
0.0341975 0.0732324 0 
0.034121 0.0734039 0 
0.0340444 0.0735754 0 
0.0339679 0.073747 0 
0.0338976 0.0739197 0 
0.0338273 0.0740925 0 
0.033757 0.0742652 0 
0.0336915 0.0744392 0 
0.0336261 0.0746132 0 
0.0335606 0.0747872 0 
0.0334995 0.0749623 0 
0.0334384 0.0751374 0 
0.0333772 0.0753125 0 
0.0333237 0.0754877 0 
0.0332701 0.0756629 0 
0.0332165 0.0758381 0 
0.0331726 0.0760126 0 
0.0331287 0.076187 0 
0.0330849 0.0763615 0 
0.0330508 0.0765349 0 
0.0330167 0.0767082 0 
0.0329826 0.0768816 0 
0.0329584 0.0770537 0 
0.0329341 0.0772258 0 
0.0329098 0.0773979 0 
0.0328954 0.0775684 0 
0.032881 0.0777389 0 
0.0328666 0.0779094 0 
0.0328618 0.078078 0 
0.0328571 0.0782466 0 
0.0328524 0.0784153 0 
0.0328559 0.0785816 0 
0.0328594 0.0787479 0 
0.0328629 0.0789143 0 
0.0328747 0.0790781 0 
0.0328865 0.0792419 0 
0.0328983 0.0794058 0 
0.0329184 0.0795669 0 
0.0329385 0.079728 0 
0.0329586 0.0798892 0 
0.032987 0.0800474 0 
0.0330155 0.0802057 0 
0.0330439 0.0803639 0 
0.0330853 0.0805183 0 
0.0331268 0.0806726 0 
0.0331682 0.0808269 0 
0.033224 0.0809768 0 
0.0332797 0.0811267 0 
0.0333355 0.0812766 0 
0.0334055 0.0814217 0 
0.0334754 0.0815668 0 
0.0335454 0.0817119 0 
0.0336294 0.081852 0 
0.0337134 0.0819921 0 
0.0337975 0.0821321 0 
0.0338954 0.0822668 0 
0.0339933 0.0824016 0 
0.0340912 0.0825363 0 
0.0342028 0.0826654 0 
0.0343143 0.0827945 0 
0.0344259 0.0829236 0 
0.034551 0.0830468 0 
0.034676 0.08317 0 
0.0348011 0.0832932 0 
0.0349393 0.0834103 0 
0.0350775 0.0835274 0 
0.0352157 0.0836445 0 
0.035367 0.0837557 0 
0.0355182 0.083867 0 
0.0356694 0.0839782 0 
0.0358335 0.084084 0 
0.0359976 0.0841898 0 
0.0361617 0.0842956 0 
0.0363384 0.0843958 0 
0.0365151 0.084496 0 
0.0366919 0.0845962 0 
0.036881 0.0846907 0 
0.0370701 0.0847851 0 
0.0372592 0.0848796 0 
0.0374605 0.0849682 0 
0.0376618 0.0850568 0 
0.0378631 0.0851453 0 
0.038078 0.0852281 0 
0.038293 0.0853108 0 
0.038508 0.0853936 0 
0.0387377 0.0854704 0 
0.0389674 0.0855472 0 
0.0391971 0.0856241 0 
0.0394411 0.0856948 0 
0.0396851 0.0857655 0 
0.0399292 0.0858363 0 
0.040187 0.0859007 0 
0.0404449 0.0859652 0 
0.0407027 0.0860297 0 
0.0409723 0.08609 0 
0.0412418 0.0861504 0 
0.0415114 0.0862108 0 
0.0417921 0.0862664 0 
0.0420728 0.0863221 0 
0.0423535 0.0863778 0 
0.0426449 0.0864277 0 
0.0429364 0.0864777 0 
0.0432278 0.0865277 0 
0.0435295 0.0865719 0 
0.0438311 0.086616 0 
0.0441327 0.0866602 0 
0.0444439 0.0866984 0 
0.0447551 0.0867366 0 
0.0450662 0.0867748 0 
0.0453862 0.0868071 0 
0.0457062 0.0868395 0 
0.0460262 0.0868718 0 
0.0463522 0.0869008 0 
0.0466783 0.0869298 0 
0.0470043 0.0869587 0 
0.047336 0.0869842 0 
0.0476676 0.0870097 0 
0.0479993 0.0870352 0 
0.0483362 0.0870549 0 
0.0486732 0.0870747 0 
0.0490101 0.0870944 0 
0.0493516 0.0871083 0 
0.0496931 0.0871223 0 
0.0500346 0.0871362 0 
0.05038 0.0871443 0 
0.0507253 0.0871524 0 
0.0510706 0.0871606 0 
0.0514166 0.0871655 0 
0.0517626 0.0871703 0 
0.0521086 0.0871752 0 
0.052455 0.0871768 0 
0.0528013 0.0871785 0 
0.0531476 0.0871801 0 
0.0534938 0.087176 0 
0.05384 0.0871718 0 
0.0541861 0.0871677 0 
0.0545314 0.0871576 0 
0.0548767 0.0871475 0 
0.0552219 0.0871373 0 
0.055565 0.0871218 0 
0.0559081 0.0871062 0 
0.0562512 0.0870906 0 
0.0565895 0.0870714 0 
0.0569278 0.0870522 0 
0.0572662 0.0870331 0 
0.0575992 0.0870097 0 
0.0579323 0.0869863 0 
0.0582654 0.0869629 0 
0.0585927 0.086933 0 
0.0589199 0.0869032 0 
0.0592471 0.0868733 0 
0.0595678 0.086837 0 
0.0598884 0.0868006 0 
0.0602091 0.0867643 0 
0.0605218 0.086722 0 
0.0608345 0.0866797 0 
0.0611473 0.0866373 0 
0.0614496 0.0865906 0 
0.0617519 0.0865439 0 
0.0620542 0.0864971 0 
0.0623456 0.0864444 0 
0.062637 0.0863916 0 
0.0629285 0.0863389 0 
0.0632084 0.0862787 0 
0.0634883 0.0862186 0 
0.0637682 0.0861584 0 
0.0640359 0.086091 0 
0.0643036 0.0860235 0 
0.0645713 0.0859561 0 
